-0.01
0.031
0.007
0.017
0.029
-0.009
0.001
0.018
-0.014
-0.025
-0.004
-0.022
-0.042
-0.02
-0.023
-0.054
-0.043
-0.023
-0.045
-0.048
-0.021
-0.029
-0.044
-0.02
-0.01
-0.027
-0.01
0.016
0.005
0.01
0.044
0.04
0.03
0.064
0.08
0.059
0.075
0.098
0.071
0.069
0.102
0.091
0.069
0.09
0.096
0.069
0.074
0.093
0.072
0.061
0.078
0.06
0.04
0.063
0.069
0.042
0.05
0.066
0.036
0.031
0.062
0.052
0.028
0.045
0.046
0.015
0.025
0.045
0.019
0.012
0.033
0.017
-0.014
-0.006
-0.012
-0.053
-0.047
-0.02
-0.041
-0.047
-0.02
-0.049
-0.094
-0.072
-0.043
-0.05
-0.039
-0.019
-0.037
-0.033
0.014
0.023
0.01
0.051
0.078
0.052
0.064
0.081
0.053
0.049
0.065
0.051
0.039
0.053
0.038
-0.003
0.015
0.026
-0.09
-0.229
-0.322
-0.5
-0.738
-0.697
-0.297
0.058
0.278
0.512
0.59
0.506
0.433
0.366
0.317
0.305
0.243
0.14
0.086
0.054
0.001
-0.013
0.007
-0.011
-0.041
-0.033
-0.032
-0.05
-0.037
-0.023
-0.056
-0.07
-0.044
-0.055
-0.078
-0.057
-0.052
-0.082
-0.077
-0.063
-0.088
-0.094
-0.072
-0.088
-0.112
-0.094
-0.089
-0.113
-0.104
-0.091
-0.117
-0.116
-0.09
-0.105
-0.118
-0.09
-0.088
-0.109
-0.092
-0.066
-0.078
-0.073
-0.04
-0.045
-0.061
-0.023
0.005
-0.006
0.016
0.047
0.033
0.035
0.06
0.056
0.052
0.075
0.07
0.044
0.064
0.084
0.053
0.048
0.078
0.061
0.032
0.053
0.056
0.03
0.04
0.051
0.031
0.031
0.052
0.037
0.018
0.042
0.046
0.019
0.026
0.038
0.014
0.016
0.04
0.022
0.001
0.019
0.011
-0.026
-0.023
-0.018
-0.049
-0.044
-0.015
-0.037
-0.054
-0.035
-0.059
-0.103
-0.067
-0.02
-0.044
-0.048
-0.017
-0.028
-0.031
0.013
0.024
0.024
0.073
0.096
0.066
0.065
0.085
0.067
0.05
0.066
0.059
0.037
0.041
0.039
0.019
0.02
-0.013
-0.15
-0.296
-0.421
-0.648
-0.827
-0.575
-0.093
0.179
0.388
0.577
0.541
0.43
0.408
0.384
0.325
0.29
0.239
0.154
0.092
0.059
0.022
-0.002
0.01
0.005
-0.029
-0.016
0.002
-0.031
-0.04
-0.022
-0.044
-0.058
-0.04
-0.048
-0.068
-0.052
-0.04
-0.07
-0.076
-0.052
-0.068
-0.093
-0.076
-0.075
-0.097
-0.081
-0.073
-0.105
-0.099
-0.07
-0.091
-0.105
-0.08
-0.087
-0.107
-0.085
-0.062
-0.082
-0.086
-0.057
-0.06
-0.064
-0.032
-0.025
-0.038
-0.008
0.014
-0.004
0.01
0.045
0.034
0.029
0.063
0.065
0.042
0.062
0.082
0.055
0.049
0.074
0.059
0.041
0.059
0.06
0.042
0.056
0.064
0.038
0.035
0.054
0.035
0.018
0.042
0.04
0.013
0.03
0.046
0.021
0.019
0.045
0.033
0.017
0.04
0.033
0.002
0.016
0.022
-0.018
-0.03
-0.015
-0.037
-0.048
-0.021
-0.028
-0.059
-0.051
-0.052
-0.081
-0.072
-0.033
-0.033
-0.047
-0.026
-0.022
-0.038
-0.003
0.033
0.028
0.053
0.093
0.075
0.054
0.075
0.07
0.043
0.053
0.066
0.049
0.042
0.044
0.022
0.013
-0.012
-0.142
-0.309
-0.445
-0.656
-0.839
-0.607
-0.112
0.188
0.411
0.617
0.591
0.45
0.396
0.377
0.315
0.262
0.216
0.135
0.064
0.048
0.029
-0.007
-0.002
0.008
-0.022
-0.031
-0.013
-0.03
-0.048
-0.028
-0.028
-0.058
-0.054
-0.038
-0.06
-0.068
-0.05
-0.065
-0.085
-0.068
-0.071
-0.096
-0.085
-0.075
-0.102
-0.105
-0.082
-0.098
-0.116
-0.091
-0.095
-0.122
-0.105
-0.086
-0.105
-0.103
-0.078
-0.087
-0.091
-0.058
-0.054
-0.07
-0.044
-0.023
-0.038
-0.022
0.016
0.014
0.01
0.044
0.052
0.033
0.057
0.078
0.054
0.054
0.076
0.061
0.051
0.077
0.071
0.044
0.06
0.072
0.044
0.044
0.066
0.049
0.034
0.056
0.053
0.029
0.046
0.058
0.028
0.027
0.047
0.029
0.017
0.04
0.038
0.015
0.03
0.042
0.014
0.009
0.025
-0.005
-0.036
-0.021
-0.025
-0.049
-0.03
-0.017
-0.044
-0.048
-0.047
-0.078
-0.079
-0.032
-0.02
-0.044
-0.027
-0.005
-0.022
-0.006
0.034
0.033
0.046
0.082
0.076
0.053
0.068
0.075
0.045
0.047
0.07
0.05
0.029
0.039
0.024
0.009
0.004
-0.102
-0.267
-0.396
-0.568
-0.75
-0.594
-0.125
0.174
0.355
0.565
0.589
0.457
0.374
0.356
0.312
0.248
0.197
0.126
0.044
0.015
0.013
-0.017
-0.022
-0.005
-0.027
-0.046
-0.026
-0.033
-0.06
-0.047
-0.035
-0.061
-0.063
-0.043
-0.062
-0.078
-0.06
-0.067
-0.089
-0.071
-0.064
-0.096
-0.097
-0.075
-0.096
-0.112
-0.084
-0.086
-0.115
-0.1
-0.086
-0.108
-0.103
-0.078
-0.094
-0.106
-0.078
-0.077
-0.093
-0.063
-0.046
-0.073
-0.059
-0.021
-0.026
-0.026
0.009
0.015
0.005
0.032
0.053
0.035
0.042
0.069
0.057
0.047
0.07
0.065
0.043
0.062
0.071
0.041
0.045
0.068
0.046
0.035
0.06
0.052
0.028
0.048
0.057
0.027
0.028
0.052
0.035
0.024
0.052
0.043
0.016
0.038
0.047
0.013
0.014
0.044
0.027
0.002
0.014
-0.003
-0.042
-0.033
-0.016
-0.036
-0.035
-0.018
-0.041
-0.061
-0.055
-0.068
-0.075
-0.033
-0.011
-0.041
-0.037
-0.001
0.003
0.007
0.036
0.051
0.057
0.083
0.091
0.066
0.067
0.082
0.058
0.049
0.071
0.056
0.024
0.029
0.031
0.005
-0.044
-0.153
-0.301
-0.452
-0.644
-0.747
-0.472
-0.018
0.239
0.422
0.593
0.585
0.447
0.359
0.361
0.332
0.246
0.182
0.122
0.043
0.014
0.022
-0.009
-0.026
-0.006
-0.019
-0.039
-0.023
-0.026
-0.054
-0.054
-0.038
-0.053
-0.062
-0.045
-0.057
-0.079
-0.061
-0.056
-0.085
-0.082
-0.068
-0.09
-0.101
-0.079
-0.083
-0.104
-0.094
-0.089
-0.111
-0.112
-0.093
-0.103
-0.111
-0.089
-0.092
-0.105
-0.083
-0.076
-0.092
-0.076
-0.051
-0.066
-0.065
-0.026
-0.022
-0.03
0.003
0.021
0.01
0.033
0.061
0.045
0.043
0.074
0.069
0.048
0.073
0.087
0.054
0.052
0.079
0.058
0.041
0.069
0.056
0.024
0.051
0.062
0.032
0.038
0.055
0.036
0.029
0.049
0.037
0.013
0.034
0.042
0.015
0.021
0.045
0.023
0.006
0.031
0.024
-0.006
0
-0.003
-0.036
-0.036
-0.015
-0.031
-0.044
-0.027
-0.038
-0.076
-0.081
-0.066
-0.066
-0.045
-0.024
-0.041
-0.044
-0.01
0.002
-0.004
0.037
0.078
0.06
0.064
0.096
0.073
0.051
0.067
0.054
0.035
0.057
0.058
0.023
0.024
0.043
-0.007
-0.122
-0.233
-0.37
-0.581
-0.774
-0.678
-0.269
0.083
0.316
0.507
0.542
0.47
0.403
0.364
0.358
0.332
0.247
0.179
0.133
0.053
0.005
0.018
0.007
-0.02
-0.012
-0.008
-0.033
-0.038
-0.024
-0.039
-0.051
-0.032
-0.039
-0.067
-0.057
-0.048
-0.074
-0.071
-0.05
-0.07
-0.087
-0.066
-0.069
-0.095
-0.087
-0.074
-0.097
-0.096
-0.077
-0.097
-0.107
-0.083
-0.084
-0.103
-0.087
-0.074
-0.094
-0.09
-0.063
-0.07
-0.074
-0.042
-0.038
-0.055
-0.034
-0.016
-0.023
0
0.029
0.01
0.014
0.059
0.06
0.04
0.057
0.063
0.041
0.053
0.076
0.056
0.05
0.076
0.061
0.032
0.05
0.053
0.027
0.038
0.053
0.022
0.016
0.031
-0.087
-0.277
-0.381
-0.482
-0.62
-0.52
-0.083
0.271
0.433
0.597
0.627
0.503
0.398
0.362
0.374
0.386
0.323
0.205
0.137
0.106
0.02
-0.075
-0.106
-0.125
-0.163
-0.172
-0.158
-0.162
-0.16
-0.138
-0.149
-0.173
-0.153
-0.133
-0.137
-0.117
-0.082
-0.073
-0.064
-0.037
-0.044
-0.066
-0.05
-0.052
-0.082
-0.074
-0.065
-0.099
-0.113
-0.102
-0.119
-0.141
-0.133
-0.134
-0.154
-0.141
-0.114
-0.125
-0.119
-0.068
-0.036
-0.021
0.028
0.064
0.064
0.096
0.141
0.142
0.147
0.179
0.177
0.164
0.186
0.189
0.16
0.167
0.185
0.158
0.144
0.165
0.152
0.124
0.131
0.132
0.1
0.098
0.112
0.09
0.078
0.097
0.081
0.051
0.068
0.074
0.038
0.037
0.055
0.03
0.01
0.03
0.026
0.003
0.013
0.016
-0.014
-0.009
0.013
-0.008
-0.019
0.005
-0.004
-0.03
-0.016
-0.011
-0.038
-0.029
-0.009
-0.028
-0.037
-0.018
-0.03
-0.051
-0.031
-0.026
-0.047
-0.035
-0.02
-0.047
-0.056
-0.028
-0.035
-0.055
-0.031
-0.022
-0.048
-0.042
-0.025
-0.048
-0.053
-0.025
-0.033
-0.052
-0.031
-0.024
-0.051
-0.046
-0.023
-0.038
-0.047
-0.021
-0.027
-0.049
-0.03
-0.023
-0.048
-0.033
-0.009
-0.034
-0.047
-0.03
-0.05
-0.084
-0.068
-0.056
-0.075
-0.061
-0.044
-0.067
-0.083
-0.082
-0.098
-0.101
-0.061
-0.041
-0.061
-0.052
-0.025
-0.032
-0.026
0.016
0.03
0.036
0.065
0.072
0.055
0.061
0.073
0.049
0.039
0.059
0.045
0.028
0.054
0.041
-0.074
-0.203
-0.317
-0.518
-0.759
-0.734
-0.363
-0.007
0.241
0.465
0.535
0.49
0.449
0.403
0.372
0.363
0.301
0.211
0.172
0.123
0.05
0.045
0.057
0.023
0.012
0.03
0.01
-0.013
0.004
0
-0.028
-0.016
-0.004
-0.031
-0.039
-0.02
-0.033
-0.057
-0.037
-0.032
-0.061
-0.056
-0.039
-0.06
-0.064
-0.041
-0.055
-0.079
-0.059
-0.049
-0.072
-0.068
-0.052
-0.073
-0.074
-0.047
-0.059
-0.078
-0.058
-0.049
-0.071
-0.069
-0.052
-0.065
-0.066
-0.039
-0.042
-0.056
-0.028
-0.015
-0.036
-0.018
0.005
-0.013
-0.009
0.022
0.01
-0.01
0.013
0.022
-0.002
0.01
0.036
0.017
0.012
0.033
0.016
-0.006
0.018
0.028
0.007
0.022
0.037
0.013
0.02
0.055
0.038
0.017
0.044
0.047
0.016
0.03
0.051
0.028
0.024
0.048
0.026
-0.004
0.007
-0.003
-0.031
-0.016
0.004
-0.018
-0.028
-0.012
-0.037
-0.069
-0.04
-0.017
-0.029
-0.014
0
-0.017
-0.006
0.033
0.042
0.049
0.091
0.096
0.066
0.078
0.1
0.079
0.064
0.084
0.072
0.047
0.059
0.044
0.012
0.03
0.007
-0.128
-0.26
-0.37
-0.578
-0.773
-0.586
-0.139
0.124
0.333
0.556
0.56
0.456
0.407
0.368
0.325
0.306
0.248
0.156
0.107
0.064
0.006
-0.006
0.014
-0.009
-0.035
-0.019
-0.024
-0.053
-0.044
-0.032
-0.057
-0.055
-0.03
-0.048
-0.072
-0.062
-0.062
-0.086
-0.08
-0.061
-0.08
-0.087
-0.065
-0.078
-0.105
-0.089
-0.082
-0.111
-0.101
-0.075
-0.093
-0.099
-0.078
-0.084
-0.097
-0.073
-0.065
-0.088
-0.071
-0.042
-0.058
-0.06
-0.036
-0.042
-0.041
-0.003
0.005
-0.014
0.012
0.041
0.029
0.025
0.047
0.044
0.035
0.058
0.06
0.038
0.052
0.065
0.039
0.041
0.064
0.039
0.022
0.05
0.05
0.021
0.031
0.043
0.021
0.021
0.039
0.023
0.01
0.035
0.04
0.015
0.02
0.035
0.015
0.011
0.029
0.011
-0.016
-0.005
-0.011
-0.046
-0.04
-0.017
-0.034
-0.042
-0.028
-0.051
-0.082
-0.07
-0.056
-0.052
-0.031
-0.024
-0.049
-0.039
0.004
0.009
0.006
0.052
0.081
0.059
0.065
0.085
0.065
0.059
0.079
0.061
0.039
0.057
0.058
0.026
0.03
0.042
-0.046
-0.192
-0.306
-0.473
-0.729
-0.826
-0.536
-0.111
0.191
0.452
0.587
0.539
0.46
0.4
0.36
0.351
0.308
0.221
0.171
0.123
0.041
0.018
0.037
0.01
-0.018
-0.002
-0.004
-0.028
-0.015
-0.001
-0.029
-0.036
-0.019
-0.04
-0.061
-0.042
-0.041
-0.069
-0.059
-0.043
-0.069
-0.077
-0.057
-0.071
-0.088
-0.075
-0.08
-0.1
-0.085
-0.069
-0.093
-0.095
-0.073
-0.085
-0.093
-0.068
-0.065
-0.085
-0.068
-0.05
-0.071
-0.069
-0.039
-0.044
-0.052
-0.014
0.003
-0.008
0.018
0.046
0.027
0.028
0.06
0.051
0.039
0.062
0.063
0.042
0.056
0.067
0.039
0.038
0.062
0.043
0.022
0.051
0.053
0.019
0.025
0.039
0.013
0.012
0.04
0.027
0.015
0.042
0.039
0.01
0.021
0.037
0.017
0.018
0.038
0.017
-0.008
-0.002
-0.013
-0.042
-0.033
-0.013
-0.033
-0.039
-0.014
-0.031
-0.069
-0.063
-0.056
-0.064
-0.035
-0.017
-0.039
-0.033
-0.003
-0.007
-0.009
0.036
0.065
0.054
0.071
0.089
0.062
0.054
0.075
0.062
0.045
0.061
0.057
0.022
0.026
0.046
-0.016
-0.141
-0.253
-0.405
-0.636
-0.812
-0.657
-0.207
0.153
0.392
0.577
0.598
0.508
0.402
0.343
0.339
0.299
0.203
0.14
0.098
0.032
0.009
0.025
0.005
-0.018
-0.003
-0.008
-0.035
-0.025
-0.013
-0.037
-0.042
-0.024
-0.043
-0.063
-0.043
-0.045
-0.072
-0.062
-0.05
-0.076
-0.078
-0.055
-0.074
-0.093
-0.073
-0.083
-0.113
-0.095
-0.082
-0.111
-0.11
-0.084
-0.097
-0.113
-0.088
-0.079
-0.096
-0.076
-0.057
-0.075
-0.07
-0.038
-0.041
-0.046
-0.01
0.004
-0.01
0.016
0.044
0.032
0.038
0.062
0.053
0.049
0.074
0.072
0.05
0.069
0.081
0.053
0.05
0.072
0.058
0.04
0.061
0.059
0.028
0.038
0.053
0.025
0.021
0.048
0.034
0.016
0.036
0.033
0.01
0.022
0.032
0.013
0.015
0.036
0.018
-0.001
0.012
-0.001
-0.034
-0.028
-0.025
-0.052
-0.044
-0.02
-0.04
-0.055
-0.041
-0.065
-0.095
-0.06
-0.023
-0.038
-0.041
-0.014
-0.017
-0.019
0.016
0.027
0.021
0.056
0.077
0.056
0.057
0.072
0.05
0.034
0.055
0.052
0.023
0.026
0.029
0.013
0.004
-0.072
-0.226
-0.374
-0.54
-0.746
-0.692
-0.256
0.115
0.31
0.531
0.623
0.506
0.38
0.357
0.337
0.263
0.202
0.152
0.068
0.012
0.016
0
-0.022
-0.004
-0.012
-0.041
-0.029
-0.016
-0.046
-0.051
-0.028
-0.045
-0.062
-0.038
-0.042
-0.072
-0.061
-0.05
-0.075
-0.078
-0.06
-0.079
-0.096
-0.076
-0.083
-0.108
-0.093
-0.084
-0.114
-0.117
-0.097
-0.108
-0.117
-0.09
-0.09
-0.115
-0.096
-0.078
-0.097
-0.088
-0.053
-0.054
-0.056
-0.028
-0.023
-0.026
0.01
0.038
0.028
0.037
0.068
0.062
0.05
0.076
0.082
0.06
0.071
0.081
0.052
0.051
0.083
0.075
0.062
0.082
0.068
0.038
0.054
0.065
0.04
0.038
0.057
0.037
0.022
0.045
0.041
0.016
0.036
0.052
0.019
0.016
0.038
0.021
0.01
0.031
0.02
-0.013
-0.01
-0.01
-0.039
-0.044
-0.025
-0.04
-0.053
-0.027
-0.033
-0.073
-0.068
-0.048
-0.053
-0.038
-0.019
-0.028
-0.014
0.025
0.024
0.011
0.046
0.074
0.06
0.067
0.087
0.062
0.046
0.072
0.063
0.035
0.051
0.051
0.003
0.004
0.025
-0.071
-0.22
-0.319
-0.484
-0.736
-0.732
-0.34
0.027
0.248
0.488
0.59
0.508
0.428
0.377
0.326
0.308
0.266
0.172
0.11
0.075
0.019
-0.009
0.006
0
-0.029
-0.02
-0.003
-0.031
-0.045
-0.029
-0.046
-0.063
-0.042
-0.048
-0.07
-0.051
-0.049
-0.083
-0.081
-0.056
-0.079
-0.101
-0.073
-0.066
-0.087
-0.086
-0.087
-0.113
-0.111
-0.089
-0.106
-0.118
-0.092
-0.092
-0.119
-0.104
-0.079
-0.093
-0.094
-0.068
-0.07
-0.071
-0.038
-0.029
-0.039
-0.014
0.01
0.001
0.016
0.047
0.036
0.035
0.069
0.065
0.043
0.064
0.077
0.058
0.065
0.084
0.061
0.044
0.068
0.069
0.044
0.055
0.061
0.029
0.027
0.051
0.036
0.025
0.05
0.044
0.016
0.031
0.044
0.023
0.025
0.043
0.026
0.014
0.035
0.031
0.008
0.022
0.028
-0.006
-0.018
-0.009
-0.028
-0.043
-0.022
-0.026
-0.05
-0.035
-0.031
-0.073
-0.081
-0.047
-0.045
-0.047
-0.023
-0.026
-0.038
-0.007
0.018
0.008
0.035
0.08
0.068
0.056
0.079
0.067
0.041
0.063
0.076
0.047
0.045
0.056
0.027
0.013
0.033
-0.039
-0.204
-0.321
-0.468
-0.729
-0.808
-0.461
-0.028
0.232
0.481
0.612
0.526
0.436
0.395
0.345
0.321
0.29
0.201
0.126
0.093
0.041
0
0.009
0.012
-0.015
-0.015
0
-0.025
-0.04
-0.021
-0.032
-0.053
-0.036
-0.032
-0.066
-0.064
-0.044
-0.067
-0.079
-0.054
-0.061
-0.086
-0.072
-0.066
-0.094
-0.093
-0.074
-0.093
-0.108
-0.089
-0.096
-0.115
-0.094
-0.081
-0.109
-0.107
-0.077
-0.088
-0.099
-0.071
-0.067
-0.08
-0.053
-0.029
-0.043
-0.031
0.005
0.003
0.004
0.035
0.039
0.03
0.058
0.074
0.05
0.055
0.076
0.061
0.055
0.075
0.069
0.047
0.058
0.066
0.043
0.048
0.068
0.043
0.028
0.049
0.042
0.021
0.041
0.05
0.021
0.027
0.049
0.027
0.014
0.04
0.035
0.008
0.022
0.031
0.01
0.019
0.033
0.008
-0.008
0.002
-0.019
-0.05
-0.037
-0.025
-0.047
-0.047
-0.028
-0.044
-0.07
-0.062
-0.059
-0.061
-0.025
-0.009
-0.037
-0.028
0.008
-0.003
-0.007
0.036
0.054
0.05
0.073
0.079
0.049
0.049
0.067
0.046
0.034
0.057
0.045
0.008
0.022
0.041
-0.024
-0.138
-0.251
-0.419
-0.646
-0.757
-0.525
-0.093
0.202
0.42
0.577
0.571
0.482
0.378
0.328
0.319
0.254
0.16
0.114
0.065
0.001
-0.006
0.009
-0.015
-0.031
-0.015
-0.026
-0.047
-0.033
-0.028
-0.056
-0.054
-0.032
-0.053
-0.07
-0.049
-0.055
-0.079
-0.064
-0.058
-0.087
-0.083
-0.065
-0.089
-0.101
-0.08
-0.088
-0.11
-0.097
-0.094
-0.12
-0.111
-0.088
-0.109
-0.117
-0.082
-0.085
-0.107
-0.079
-0.059
-0.084
-0.079
-0.045
-0.053
-0.053
-0.007
0.002
-0.011
0.02
0.046
0.031
0.039
0.067
0.055
0.046
0.075
0.073
0.048
0.07
0.085
0.058
0.062
0.082
0.057
0.042
0.066
0.062
0.037
0.048
0.057
0.032
0.03
0.048
0.033
0.024
0.047
0.042
0.017
0.035
0.045
0.017
0.02
0.039
0.022
0.01
0.029
0.019
-0.006
0.012
0.01
-0.037
-0.041
-0.018
-0.036
-0.043
-0.014
-0.021
-0.05
-0.045
-0.058
-0.094
-0.075
-0.031
-0.038
-0.045
-0.016
-0.006
-0.009
0.019
0.035
0.034
0.062
0.085
0.066
0.052
0.066
0.062
0.042
0.053
0.058
0.029
0.023
0.028
0.009
-0.003
-0.06
-0.201
-0.339
-0.483
-0.696
-0.711
-0.322
0.071
0.257
0.466
0.606
0.524
0.393
0.36
0.349
0.296
0.24
0.179
0.094
0.035
0.028
0.01
-0.016
-0.006
-0.008
-0.038
-0.04
-0.022
-0.042
-0.056
-0.033
-0.042
-0.068
-0.051
-0.042
-0.067
-0.065
-0.05
-0.076
-0.091
-0.063
-0.068
-0.096
-0.086
-0.079
-0.106
-0.1
-0.07
-0.094
-0.119
-0.095
-0.097
-0.124
-0.109
-0.094
-0.109
-0.1
-0.077
-0.085
-0.082
-0.054
-0.054
-0.065
-0.043
-0.025
-0.033
-0.014
0.024
0.028
0.028
0.05
0.055
0.046
0.067
0.079
0.056
0.065
0.088
0.062
0.054
0.085
0.074
0.047
0.066
0.072
0.04
0.035
0.053
0.041
0.036
0.059
0.046
0.02
0.042
0.054
0.017
0.017
0.045
0.028
0.021
0.048
0.035
0.007
0.028
0.041
0.015
0.012
0.021
-0.009
-0.026
-0.009
-0.023
-0.051
-0.036
-0.016
-0.038
-0.043
-0.037
-0.073
-0.09
-0.052
-0.037
-0.046
-0.029
-0.018
-0.027
-0.003
0.025
0.016
0.033
0.077
0.073
0.06
0.076
0.069
0.04
0.044
0.063
0.047
0.038
0.053
0.035
0.012
0.009
-0.082
-0.235
-0.344
-0.504
-0.758
-0.757
-0.346
0.036
0.252
0.488
0.581
0.473
0.398
0.395
0.354
0.307
0.28
0.209
0.125
0.083
0.044
0
0.004
0.019
-0.014
-0.033
-0.004
-0.007
-0.037
-0.028
-0.027
-0.06
-0.055
-0.03
-0.05
-0.068
-0.052
-0.06
-0.08
-0.06
-0.047
-0.081
-0.088
-0.069
-0.09
-0.105
-0.081
-0.087
-0.106
-0.091
-0.088
-0.106
-0.097
-0.078
-0.092
-0.098
-0.074
-0.082
-0.098
-0.066
-0.05
-0.075
-0.059
-0.027
-0.037
-0.035
0.004
0.014
0.009
0.034
0.047
0.034
0.052
0.076
0.055
0.049
0.074
0.067
0.049
0.071
0.077
0.05
0.054
0.066
0.042
0.035
0.053
0.043
0.026
0.041
0.046
0.023
0.031
0.054
0.036
0.025
0.047
0.034
0.016
0.038
0.036
0.002
0.011
0.037
0.02
0.008
0.027
0.009
-0.03
-0.025
-0.019
-0.039
-0.036
-0.025
-0.045
-0.059
-0.046
-0.06
-0.079
-0.046
-0.028
-0.045
-0.036
-0.014
-0.021
-0.018
0.019
0.034
0.036
0.073
0.086
0.058
0.065
0.08
0.05
0.039
0.062
0.054
0.033
0.039
0.037
0.016
-0.015
-0.119
-0.278
-0.425
-0.616
-0.826
-0.707
-0.228
0.135
0.356
0.58
0.62
0.484
0.394
0.383
0.349
0.288
0.238
0.169
0.082
0.04
0.038
0.013
-0.006
0.01
-0.001
-0.023
-0.006
-0.007
-0.037
-0.033
-0.02
-0.044
-0.056
-0.039
-0.048
-0.066
-0.045
-0.044
-0.079
-0.073
-0.052
-0.08
-0.093
-0.068
-0.073
-0.1
-0.092
-0.088
-0.113
-0.109
-0.091
-0.108
-0.115
-0.088
-0.095
-0.115
-0.092
-0.08
-0.097
-0.08
-0.051
-0.065
-0.062
-0.022
-0.019
-0.025
0.01
0.026
0.011
0.034
0.066
0.051
0.051
0.081
0.073
0.057
0.078
0.081
0.059
0.068
0.083
0.058
0.051
0.075
0.06
0.037
0.054
0.056
0.027
0.031
0.049
0.031
0.028
0.051
0.039
0.011
0.027
0.037
0.015
0.024
0.041
0.02
0.012
0.027
0.011
-0.013
-0.003
-0.01
-0.042
-0.034
-0.017
-0.038
-0.044
-0.022
-0.038
-0.071
-0.068
-0.068
-0.074
-0.04
-0.012
-0.037
-0.041
-0.006
-0.002
-0.008
0.024
0.054
0.052
0.063
0.079
0.056
0.047
0.072
0.058
0.03
0.049
0.05
0.007
0.007
0.038
0.007
-0.091
-0.201
-0.335
-0.525
-0.717
-0.673
-0.293
0.074
0.287
0.474
0.558
0.499
0.396
0.338
0.337
0.307
0.22
0.155
0.112
0.038
0
0.014
-0.007
-0.033
-0.014
-0.015
-0.046
-0.041
-0.026
-0.05
-0.055
-0.032
-0.048
-0.07
-0.052
-0.053
-0.079
-0.07
-0.053
-0.077
-0.089
-0.07
-0.083
-0.102
-0.083
-0.083
-0.113
-0.103
-0.08
-0.106
-0.116
-0.09
-0.101
-0.121
-0.091
-0.084
-0.107
-0.093
-0.071
-0.084
-0.078
-0.044
-0.045
-0.055
-0.022
-0.004
-0.013
0.011
0.04
0.029
0.033
0.07
0.067
0.049
0.074
0.085
0.062
0.067
0.078
0.058
0.058
0.077
0.062
0.039
0.053
0.054
0.031
0.044
0.06
0.036
0.029
0.05
0.037
0.018
0.042
0.046
0.021
0.032
0.038
0.01
0.013
0.039
0.023
0.005
0.027
0.026
-0.008
-0.014
-0.009
-0.036
-0.044
-0.02
-0.03
-0.048
-0.027
-0.028
-0.069
-0.078
-0.059
-0.055
-0.039
-0.015
-0.027
-0.028
0.011
0.021
0.005
0.033
0.07
0.057
0.053
0.084
0.074
0.051
0.07
0.067
0.032
0.043
0.057
0.018
0.006
0.036
-0.018
-0.161
-0.272
-0.399
-0.631
-0.771
-0.539
-0.118
0.155
0.382
0.565
0.555
0.463
0.393
0.34
0.319
0.287
0.202
0.135
0.1
0.037
-0.009
0.002
0.003
-0.026
-0.021
-0.008
-0.035
-0.04
-0.022
-0.047
-0.064
-0.042
-0.044
-0.068
-0.062
-0.048
-0.067
-0.073
-0.056
-0.066
-0.087
-0.078
-0.078
-0.101
-0.096
-0.084
-0.105
-0.103
-0.082
-0.107
-0.124
-0.1
-0.104
-0.125
-0.1
-0.074
-0.099
-0.101
-0.071
-0.078
-0.083
-0.045
-0.029
-0.041
-0.016
0.012
0.003
0.014
0.049
0.048
0.039
0.073
0.087
0.063
0.076
0.091
0.066
0.07
0.096
0.079
0.063
0.081
0.072
0.046
0.057
0.066
0.041
0.041
0.066
0.045
0.017
0.037
0.043
0.021
0.036
0.052
0.026
0.021
0.043
0.029
0.01
0.032
0.034
0.004
0.009
0.022
-0.017
-0.035
-0.01
-0.025
-0.047
-0.026
-0.027
-0.055
-0.048
-0.045
-0.076
-0.067
-0.024
-0.027
-0.042
-0.016
0
-0.015
-0.002
0.04
0.061
0.072
0.089
0.075
0.054
0.07
0.072
0.046
0.052
0.066
0.038
0.023
0.036
0.027
0.006
-0.061
-0.204
-0.357
-0.524
-0.753
-0.785
-0.402
0.023
0.254
0.463
0.585
0.507
0.395
0.385
0.377
0.314
0.259
0.211
0.141
0.073
0.043
0.021
-0.012
-0.005
0.01
-0.018
-0.024
-0.01
-0.029
-0.046
-0.029
-0.033
-0.062
-0.055
-0.039
-0.063
-0.075
-0.057
-0.073
-0.087
-0.062
-0.064
-0.09
-0.079
-0.068
-0.098
-0.103
-0.083
-0.101
-0.111
-0.091
-0.096
-0.12
-0.109
-0.09
-0.107
-0.103
-0.066
-0.073
-0.087
-0.064
-0.061
-0.071
-0.041
-0.01
-0.019
-0.009
0.033
0.037
0.024
0.049
0.061
0.049
0.071
0.092
0.063
0.057
0.083
0.069
0.051
0.075
0.077
0.05
0.059
0.07
0.043
0.037
0.059
0.046
0.025
0.043
0.043
0.015
0.028
0.044
0.02
0.02
0.045
0.032
0.017
0.033
0.028
0.007
0.024
0.041
0.01
-0.005
0.009
-0.015
-0.038
-0.023
-0.024
-0.048
-0.041
-0.026
-0.046
-0.057
-0.051
-0.073
-0.077
-0.034
-0.022
-0.046
-0.031
-0.004
-0.013
-0.008
0.028
0.042
0.052
0.077
0.074
0.049
0.06
0.074
0.049
0.047
0.062
0.024
-0.012
0.022
0.004
-0.136
-0.239
-0.299
-0.463
-0.592
-0.403
-0.041
0.189
0.356
0.508
0.561
0.523
0.424
0.335
0.302
0.282
0.219
0.138
0.094
0.038
-0.042
-0.064
-0.057
-0.082
-0.093
-0.073
-0.084
-0.106
-0.086
-0.084
-0.113
-0.1
-0.082
-0.106
-0.109
-0.093
-0.108
-0.122
-0.101
-0.101
-0.128
-0.115
-0.103
-0.134
-0.138
-0.115
-0.132
-0.156
-0.142
-0.145
-0.17
-0.155
-0.138
-0.16
-0.16
-0.128
-0.132
-0.141
-0.103
-0.086
-0.097
-0.065
-0.03
-0.034
-0.01
0.038
0.044
0.045
0.087
0.105
0.09
0.112
0.138
0.125
0.123
0.144
0.131
0.112
0.135
0.135
0.101
0.11
0.124
0.09
0.077
0.096
0.078
0.055
0.072
0.072
0.049
0.06
0.071
0.044
0.04
0.062
0.047
0.03
0.049
0.049
0.024
0.037
0.051
0.026
0.023
0.046
0.031
0.014
0.033
0.023
-0.011
-0.008
-0.005
-0.039
-0.045
-0.017
-0.027
-0.049
-0.031
-0.032
-0.074
-0.08
-0.057
-0.059
-0.04
-0.008
-0.029
-0.048
-0.01
0.007
-0.006
0.023
0.058
0.047
0.046
0.067
0.053
0.035
0.052
0.052
0.028
0.035
0.042
0.01
0.002
0.034
-0.002
-0.122
-0.233
-0.372
-0.596
-0.77
-0.635
-0.229
0.089
0.32
0.523
0.563
0.49
0.391
0.319
0.317
0.295
0.197
0.129
0.099
0.032
-0.009
0.006
-0.003
-0.032
-0.024
-0.012
-0.039
-0.047
-0.026
-0.046
-0.065
-0.041
-0.04
-0.067
-0.058
-0.049
-0.074
-0.074
-0.054
-0.073
-0.092
-0.072
-0.075
-0.106
-0.097
-0.082
-0.108
-0.114
-0.098
-0.115
-0.127
-0.102
-0.102
-0.125
-0.11
-0.094
-0.114
-0.107
-0.076
-0.081
-0.091
-0.061
-0.044
-0.045
-0.015
0.005
-0.011
0.005
0.044
0.042
0.042
0.07
0.07
0.061
0.087
0.099
0.07
0.068
0.091
0.072
0.058
0.086
0.084
0.05
0.058
0.072
0.045
0.043
0.069
0.052
0.038
0.061
0.052
0.022
0.033
0.046
0.025
0.027
0.046
0.023
0.007
0.037
0.037
0.015
0.029
0.034
0.007
0.005
0.015
-0.02
-0.043
-0.022
-0.03
-0.052
-0.028
-0.018
-0.055
-0.066
-0.058
-0.08
-0.076
-0.03
-0.017
-0.036
-0.022
0.002
-0.008
-0.001
0.034
0.041
0.045
0.065
0.061
0.052
0.072
0.078
0.049
0.036
0.052
0.04
0.012
0.02
0.027
-0.008
-0.079
-0.195
-0.343
-0.509
-0.709
-0.738
-0.388
0.016
0.23
0.425
0.565
0.518
0.4
0.361
0.358
0.306
0.247
0.211
0.145
0.06
0.029
0.021
-0.013
-0.014
0.008
-0.019
-0.042
-0.02
-0.026
-0.055
-0.04
-0.029
-0.056
-0.057
-0.043
-0.067
-0.079
-0.052
-0.058
-0.091
-0.08
-0.065
-0.091
-0.095
-0.075
-0.093
-0.112
-0.092
-0.09
-0.11
-0.099
-0.094
-0.122
-0.117
-0.088
-0.1
-0.107
-0.079
-0.082
-0.098
-0.071
-0.05
-0.062
-0.044
-0.008
-0.015
-0.012
0.033
0.045
0.034
0.057
0.075
0.059
0.063
0.084
0.072
0.064
0.086
0.085
0.066
0.077
0.086
0.06
0.055
0.076
0.055
0.041
0.063
0.055
0.031
0.049
0.059
0.03
0.03
0.052
0.04
0.025
0.039
0.036
0.017
0.031
0.038
0.016
0.022
0.043
0.026
0.011
0.03
0.021
-0.007
-0.002
-0.002
-0.035
-0.04
-0.019
-0.031
-0.045
-0.029
-0.044
-0.084
-0.077
-0.052
-0.055
-0.037
-0.008
-0.029
-0.038
0
0.007
-0.004
0.03
0.063
0.055
0.057
0.079
0.065
0.048
0.066
0.062
0.034
0.046
0.052
0.012
0.005
0.039
-0.013
-0.154
-0.265
-0.406
-0.655
-0.811
-0.603
-0.175
0.134
0.373
0.555
0.558
0.479
0.4
0.347
0.336
0.301
0.213
0.146
0.107
0.038
0
0.015
0.003
-0.025
-0.012
-0.004
-0.031
-0.032
-0.015
-0.038
-0.057
-0.033
-0.04
-0.069
-0.055
-0.043
-0.07
-0.068
-0.046
-0.072
-0.09
-0.063
-0.072
-0.1
-0.082
-0.075
-0.107
-0.109
-0.088
-0.105
-0.121
-0.098
-0.096
-0.119
-0.105
-0.089
-0.105
-0.094
-0.063
-0.076
-0.083
-0.047
-0.042
-0.057
-0.025
0.005
-0.006
0.013
0.048
0.037
0.032
0.068
0.078
0.06
0.072
0.083
0.064
0.067
0.089
0.072
0.056
0.076
0.07
0.045
0.062
0.069
0.036
0.036
0.057
0.038
0.024
0.041
0.035
0.016
0.035
0.047
0.019
0.019
0.044
0.027
0.008
0.03
0.027
0.003
0.02
0.033
0.007
0.013
0.032
0
-0.028
-0.014
-0.025
-0.054
-0.038
-0.022
-0.046
-0.049
-0.036
-0.067
-0.088
-0.059
-0.047
-0.053
-0.022
-0.01
-0.036
-0.025
0.007
0
0.005
0.052
0.068
0.05
0.067
0.078
0.045
0.04
0.059
0.039
0.027
0.045
0.021
-0.003
0.033
0.01
-0.139
-0.277
-0.395
-0.614
-0.799
-0.612
-0.177
0.098
0.33
0.565
0.578
0.473
0.402
0.351
0.318
0.293
0.219
0.133
0.1
0.058
0
-0.003
0.013
-0.014
-0.034
-0.013
-0.021
-0.045
-0.028
-0.025
-0.056
-0.052
-0.031
-0.056
-0.074
-0.05
-0.055
-0.082
-0.067
-0.056
-0.082
-0.084
-0.065
-0.089
-0.108
-0.088
-0.093
-0.116
-0.1
-0.095
-0.124
-0.114
-0.089
-0.11
-0.122
-0.1
-0.097
-0.107
-0.082
-0.058
-0.074
-0.068
-0.035
-0.039
-0.035
0.009
0.02
0.008
0.034
0.055
0.048
0.063
0.085
0.071
0.062
0.084
0.083
0.064
0.084
0.093
0.063
0.071
0.093
0.064
0.046
0.067
0.057
0.03
0.05
0.063
0.029
0.031
0.053
0.037
0.028
0.048
0.038
0.012
0.031
0.045
0.019
0.015
0.031
0.018
0.011
0.029
0.018
-0.01
-0.004
-0.014
-0.058
-0.044
-0.039
-0.172
-0.318
-0.391
-0.515
-0.617
-0.395
0.014
0.196
0.309
0.478
0.489
0.37
0.285
0.27
0.303
0.338
0.315
0.263
0.242
0.216
0.129
0.044
0.012
-0.04
-0.09
-0.075
-0.07
-0.106
-0.105
-0.087
-0.111
-0.125
-0.1
-0.106
-0.13
-0.11
-0.101
-0.127
-0.119
-0.102
-0.127
-0.141
-0.123
-0.134
-0.16
-0.149
-0.145
-0.175
-0.174
-0.155
-0.184
-0.202
-0.177
-0.181
-0.204
-0.179
-0.152
-0.162
-0.132
-0.078
-0.071
-0.055
-0.005
0.017
0.025
0.069
0.107
0.109
0.132
0.168
0.161
0.153
0.176
0.17
0.149
0.166
0.173
0.144
0.145
0.163
0.138
0.124
0.15
0.138
0.105
0.116
0.122
0.091
0.088
0.107
0.092
0.075
0.088
0.083
0.061
0.076
0.079
0.046
0.05
0.069
0.043
0.029
0.047
0.035
0.011
0.026
0.036
0.015
0.016
0.028
0.008
0.001
0.025
0.014
-0.012
0.003
0.011
-0.018
-0.017
0
-0.018
-0.022
0.003
-0.004
-0.03
-0.017
-0.006
-0.036
-0.034
-0.007
-0.025
-0.039
-0.014
-0.018
-0.044
-0.027
-0.016
-0.042
-0.035
-0.011
-0.035
-0.054
-0.041
-0.069
-0.103
-0.082
-0.068
-0.085
-0.076
-0.061
-0.086
-0.101
-0.092
-0.099
-0.101
-0.062
-0.043
-0.07
-0.061
-0.033
-0.04
-0.032
0.002
0.014
0.022
0.045
0.052
0.036
0.044
0.059
0.035
0.025
0.05
0.036
0.004
0.026
0.045
-0.024
-0.152
-0.281
-0.462
-0.724
-0.899
-0.714
-0.263
0.099
0.367
0.555
0.575
0.505
0.424
0.387
0.38
0.326
0.237
0.186
0.143
0.069
0.045
0.059
0.032
0.009
0.022
0.014
-0.005
0.003
0.007
-0.019
-0.02
-0.004
-0.024
-0.034
-0.013
-0.026
-0.051
-0.041
-0.039
-0.061
-0.056
-0.043
-0.069
-0.085
-0.062
-0.065
-0.086
-0.073
-0.065
-0.09
-0.089
-0.064
-0.074
-0.089
-0.07
-0.076
-0.093
-0.066
-0.051
-0.077
-0.067
-0.038
-0.052
-0.054
-0.019
-0.017
-0.032
-0.003
0.015
-0.005
0.008
0.042
0.036
0.03
0.052
0.048
0.033
0.051
0.056
0.033
0.042
0.061
0.038
0.02
0.039
0.036
0.015
0.034
0.048
0.026
0.029
0.046
0.022
0.007
0.031
0.027
0.01
0.036
0.044
0.017
0.028
0.049
0.019
0.005
0.037
0.034
0.005
0.015
0.011
-0.026
-0.024
-0.007
-0.03
-0.041
-0.014
-0.017
-0.061
-0.065
-0.05
-0.059
-0.038
-0.011
-0.034
-0.04
-0.005
0.004
0
0.03
0.067
0.07
0.076
0.091
0.074
0.071
0.088
0.068
0.046
0.067
0.069
0.034
0.03
0.044
0.03
-0.008
-0.105
-0.256
-0.423
-0.625
-0.81
-0.678
-0.229
0.108
0.321
0.541
0.605
0.491
0.385
0.374
0.355
0.285
0.23
0.188
0.109
0.042
0.031
0.013
-0.015
-0.006
-0.003
-0.03
-0.021
0.001
-0.031
-0.049
-0.027
-0.038
-0.065
-0.05
-0.039
-0.066
-0.069
-0.055
-0.074
-0.085
-0.071
-0.083
-0.101
-0.084
-0.079
-0.108
-0.103
-0.082
-0.109
-0.123
-0.096
-0.109
-0.133
-0.106
-0.096
-0.118
-0.1
-0.068
-0.081
-0.082
-0.046
-0.044
-0.059
-0.033
-0.01
-0.018
0.001
0.036
0.03
0.031
0.061
0.057
0.045
0.071
0.082
0.063
0.072
0.088
0.067
0.063
0.081
0.068
0.045
0.064
0.067
0.033
0.039
0.06
0.04
0.036
0.051
0.039
0.027
0.04
0.04
0.019
0.024
0.038
0.014
0
0.029
0.032
0.011
0.025
0.025
-0.008
-0.008
-0.002
-0.038
-0.055
-0.033
-0.036
-0.055
-0.037
-0.034
-0.074
-0.078
-0.063
-0.073
-0.06
-0.034
-0.041
-0.047
-0.021
-0.002
-0.012
0.012
0.063
0.067
0.061
0.085
0.077
0.054
0.072
0.077
0.047
0.048
0.06
0.031
0.01
0.039
0.041
-0.038
-0.15
-0.279
-0.475
-0.72
-0.844
-0.61
-0.161
0.168
0.407
0.584
0.592
0.487
0.392
0.369
0.357
0.284
0.202
0.159
0.096
0.031
0.026
0.029
0.004
0.004
0.017
-0.008
-0.024
-0.01
-0.023
-0.045
-0.029
-0.025
-0.052
-0.046
-0.029
-0.056
-0.071
-0.048
-0.059
-0.08
-0.06
-0.061
-0.097
-0.096
-0.08
-0.102
-0.106
-0.085
-0.103
-0.125
-0.103
-0.097
-0.124
-0.115
-0.087
-0.101
-0.111
-0.082
-0.083
-0.099
-0.068
-0.046
-0.06
-0.037
-0.001
-0.011
-0.003
0.035
0.034
0.023
0.055
0.07
0.045
0.062
0.094
0.072
0.064
0.093
0.077
0.053
0.077
0.081
0.053
0.057
0.071
0.047
0.039
0.059
0.046
0.03
0.053
0.056
0.025
0.032
0.051
0.027
0.019
0.043
0.034
0.011
0.026
0.032
0.007
0.013
0.027
-0.006
-0.024
-0.014
-0.036
-0.051
-0.026
-0.024
-0.048
-0.035
-0.026
-0.071
-0.086
-0.047
-0.041
-0.047
-0.025
-0.03
-0.049
-0.014
0.029
0.018
0.026
0.081
0.084
0.06
0.08
0.079
0.048
0.062
0.084
0.058
0.044
0.059
0.034
0.007
0.04
0.021
-0.124
-0.268
-0.403
-0.646
-0.865
-0.708
-0.253
0.096
0.375
0.61
0.619
0.52
0.434
0.356
0.328
0.31
0.223
0.128
0.085
0.05
0.015
0.013
0.02
-0.008
-0.019
0.004
-0.011
-0.039
-0.022
-0.019
-0.047
-0.04
-0.026
-0.052
-0.061
-0.038
-0.049
-0.072
-0.058
-0.053
-0.081
-0.079
-0.063
-0.089
-0.098
-0.072
-0.086
-0.11
-0.091
-0.085
-0.115
-0.111
-0.091
-0.112
-0.115
-0.084
-0.089
-0.102
-0.075
-0.062
-0.078
-0.059
-0.027
-0.036
-0.031
0.008
0.011
0.002
0.038
0.057
0.035
0.047
0.073
0.055
0.051
0.08
0.076
0.055
0.075
0.08
0.054
0.061
0.074
0.049
0.042
0.065
0.053
0.031
0.041
0.033
0.015
0.022
-0.056
-0.22
-0.327
-0.407
-0.523
-0.379
0.083
0.354
0.423
0.538
0.544
0.397
0.294
0.315
0.325
0.27
0.215
0.16
0.099
0.048
-0.014
-0.095
-0.148
-0.172
-0.2
-0.202
-0.163
-0.153
-0.183
-0.18
-0.162
-0.18
-0.171
-0.13
-0.13
-0.121
-0.068
-0.054
-0.078
-0.068
-0.056
-0.078
-0.085
-0.069
-0.088
-0.117
-0.101
-0.096
-0.13
-0.131
-0.117
-0.143
-0.153
-0.133
-0.148
-0.159
-0.127
-0.114
-0.111
-0.069
-0.025
-0.012
0.014
0.064
0.08
0.086
0.13
0.158
0.144
0.157
0.187
0.17
0.164
0.193
0.179
0.15
0.163
0.162
0.139
0.155
0.164
0.124
0.107
0.133
0.128
0.104
0.115
0.105
0.064
0.07
0.087
0.06
0.052
0.078
0.061
0.027
0.038
0.036
0.008
0.019
0.036
0.013
0.004
0.021
0.007
-0.01
0.007
-0.003
-0.032
-0.013
0.01
-0.018
-0.029
0
-0.012
-0.038
-0.019
-0.018
-0.041
-0.023
-0.008
-0.036
-0.042
-0.02
-0.03
-0.044
-0.025
-0.027
-0.046
-0.026
-0.014
-0.046
-0.055
-0.032
-0.036
-0.052
-0.033
-0.021
-0.044
-0.035
-0.012
-0.034
-0.043
-0.023
-0.038
-0.053
-0.032
-0.029
-0.051
-0.037
-0.012
-0.031
-0.04
-0.017
-0.031
-0.06
-0.052
-0.063
-0.094
-0.077
-0.049
-0.067
-0.076
-0.056
-0.077
-0.112
-0.093
-0.084
-0.097
-0.065
-0.036
-0.062
-0.059
-0.01
-0.007
-0.012
0.043
0.069
0.049
0.063
0.076
0.053
0.051
0.068
0.046
0.031
0.057
0.051
0.034
0.055
0.001
-0.171
-0.321
-0.465
-0.735
-0.87
-0.536
-0.087
0.167
0.41
0.553
0.487
0.427
0.443
0.412
0.356
0.338
0.281
0.185
0.141
0.108
0.048
0.034
0.051
0.027
-0.004
0.007
0.011
-0.011
-0.005
0.005
-0.022
-0.033
-0.016
-0.029
-0.046
-0.025
-0.025
-0.056
-0.046
-0.027
-0.048
-0.049
-0.03
-0.044
-0.06
-0.038
-0.033
-0.055
-0.049
-0.036
-0.06
-0.066
-0.036
-0.047
-0.07
-0.045
-0.033
-0.055
-0.042
-0.024
-0.053
-0.057
-0.025
-0.035
-0.06
-0.043
-0.034
-0.049
-0.032
-0.011
-0.028
-0.022
0.009
-0.006
-0.024
0.009
0.018
-0.011
0.001
0.02
-0.004
-0.006
0.017
0.007
0
0.023
0.022
-0.001
0.012
0.033
0.017
0.014
0.04
0.032
0.015
0.037
0.039
0.017
0.034
0.052
0.031
0.03
0.049
0.028
-0.003
0.006
0.004
-0.018
-0.002
0.016
-0.014
-0.026
-0.004
-0.027
-0.062
-0.04
-0.022
-0.032
-0.018
-0.006
-0.022
-0.011
0.029
0.029
0.033
0.092
0.11
0.079
0.089
0.106
0.08
0.074
0.092
0.075
0.055
0.072
0.065
0.031
0.044
0.059
-0.03
-0.171
-0.293
-0.482
-0.747
-0.819
-0.504
-0.087
0.201
0.46
0.603
0.557
0.467
0.391
0.348
0.342
0.291
0.197
0.15
0.113
0.042
0.017
0.029
0.005
-0.023
-0.006
-0.002
-0.032
-0.027
-0.013
-0.039
-0.044
-0.028
-0.046
-0.065
-0.043
-0.043
-0.071
-0.059
-0.051
-0.082
-0.083
-0.061
-0.076
-0.095
-0.077
-0.076
-0.104
-0.101
-0.089
-0.107
-0.105
-0.078
-0.089
-0.103
-0.076
-0.071
-0.094
-0.077
-0.05
-0.068
-0.066
-0.031
-0.035
-0.043
-0.007
0.007
-0.008
0.016
0.04
0.023
0.028
0.06
0.053
0.038
0.061
0.064
0.041
0.054
0.067
0.046
0.045
0.062
0.046
0.027
0.048
0.051
0.025
0.033
0.049
0.021
0.012
0.039
0.023
0.006
0.035
0.035
0.005
0.015
0.032
0.011
0.004
0.017
-0.006
-0.038
-0.031
-0.033
-0.052
-0.037
-0.023
-0.043
-0.045
-0.037
-0.078
-0.098
-0.057
-0.035
-0.047
-0.041
-0.027
-0.036
-0.02
0.018
0.008
0.011
0.067
0.077
0.049
0.065
0.08
0.055
0.05
0.07
0.052
0.028
0.043
0.036
0.009
0.036
0.018
-0.134
-0.287
-0.424
-0.671
-0.856
-0.632
-0.173
0.121
0.374
0.604
0.598
0.483
0.413
0.359
0.311
0.28
0.21
0.125
0.082
0.047
0.009
0.007
0.023
0.004
-0.017
0.001
-0.001
-0.036
-0.033
-0.02
-0.047
-0.056
-0.036
-0.049
-0.062
-0.04
-0.044
-0.075
-0.068
-0.052
-0.079
-0.089
-0.067
-0.081
-0.102
-0.088
-0.095
-0.118
-0.101
-0.09
-0.119
-0.124
-0.101
-0.11
-0.128
-0.104
-0.084
-0.1
-0.087
-0.062
-0.078
-0.07
-0.03
-0.025
-0.025
0.004
0.015
0.013
0.043
0.064
0.043
0.046
0.078
0.071
0.062
0.089
0.087
0.064
0.085
0.098
0.063
0.061
0.089
0.067
0.037
0.06
0.067
0.041
0.051
0.065
0.043
0.038
0.052
0.03
0.013
0.041
0.045
0.02
0.026
0.041
0.019
0.002
0.009
-0.01
-0.032
-0.019
-0.022
-0.044
-0.029
-0.016
-0.051
-0.07
-0.057
-0.067
-0.069
-0.028
-0.027
-0.058
-0.037
-0.002
0.001
0.006
0.037
0.058
0.062
0.082
0.083
0.059
0.066
0.073
0.046
0.047
0.067
0.043
0.02
0.032
0.032
0.008
-0.054
-0.178
-0.332
-0.506
-0.737
-0.822
-0.488
-0.035
0.218
0.429
0.59
0.552
0.424
0.378
0.378
0.325
0.255
0.212
0.147
0.065
0.036
0.035
0.005
-0.008
0.005
-0.018
-0.041
-0.017
-0.015
-0.046
-0.038
-0.026
-0.05
-0.054
-0.041
-0.06
-0.07
-0.048
-0.058
-0.084
-0.07
-0.062
-0.096
-0.096
-0.07
-0.093
-0.108
-0.084
-0.087
-0.109
-0.097
-0.089
-0.12
-0.118
-0.078
-0.084
-0.103
-0.084
-0.082
-0.097
-0.071
-0.042
-0.056
-0.048
-0.006
-0.007
-0.011
0.026
0.032
0.015
0.039
0.063
0.047
0.054
0.086
0.068
0.049
0.08
0.084
0.056
0.066
0.074
0.043
0.046
0.066
0.045
0.033
0.051
0.04
0.015
0.041
0.01
-0.166
-0.313
-0.399
-0.554
-0.641
-0.345
0.124
0.341
0.487
0.616
0.547
0.41
0.341
0.338
0.354
0.329
0.241
0.158
0.117
0.045
-0.059
-0.118
-0.138
-0.16
-0.164
-0.141
-0.15
-0.177
-0.161
-0.142
-0.152
-0.131
-0.091
-0.086
-0.078
-0.043
-0.039
-0.056
-0.045
-0.04
-0.072
-0.074
-0.049
-0.068
-0.096
-0.086
-0.091
-0.117
-0.118
-0.113
-0.135
-0.144
-0.133
-0.152
-0.169
-0.138
-0.12
-0.129
-0.096
-0.047
-0.043
-0.018
0.043
0.058
0.068
0.118
0.139
0.137
0.165
0.181
0.165
0.173
0.197
0.181
0.161
0.18
0.172
0.143
0.151
0.156
0.128
0.128
0.145
0.123
0.1
0.114
0.107
0.077
0.084
0.096
0.067
0.059
0.074
0.05
0.034
0.056
0.043
0.011
0.026
0.038
0.012
0.011
0.032
0.014
-0.009
0.007
0.004
-0.022
-0.007
0.007
-0.026
-0.029
-0.004
-0.018
-0.034
-0.014
-0.015
-0.036
-0.023
-0.013
-0.038
-0.038
-0.016
-0.034
-0.049
-0.023
-0.027
-0.05
-0.033
-0.023
-0.048
-0.041
-0.015
-0.035
-0.052
-0.032
-0.034
-0.054
-0.037
-0.023
-0.047
-0.044
-0.019
-0.034
-0.047
-0.025
-0.025
-0.044
-0.03
-0.018
-0.041
-0.047
-0.042
-0.076
-0.096
-0.066
-0.061
-0.084
-0.067
-0.053
-0.084
-0.094
-0.082
-0.095
-0.094
-0.057
-0.057
-0.078
-0.052
-0.026
-0.032
-0.016
0.016
0.029
0.04
0.065
0.063
0.044
0.058
0.065
0.04
0.041
0.058
0.036
0.02
0.051
0.035
-0.083
-0.212
-0.348
-0.572
-0.805
-0.747
-0.361
-0.005
0.259
0.489
0.551
0.496
0.435
0.382
0.363
0.352
0.281
0.2
0.166
0.112
0.046
0.048
0.055
0.024
0.021
0.032
0.007
-0.012
0.004
-0.006
-0.03
-0.014
-0.008
-0.039
-0.037
-0.014
-0.033
-0.053
-0.033
-0.034
-0.061
-0.05
-0.038
-0.061
-0.058
-0.04
-0.063
-0.075
-0.052
-0.058
-0.081
-0.062
-0.046
-0.07
-0.069
-0.046
-0.059
-0.073
-0.053
-0.048
-0.065
-0.048
-0.036
-0.059
-0.051
-0.026
-0.044
-0.05
-0.018
-0.014
-0.03
-0.005
0.013
-0.006
0.002
0.024
0.006
-0.004
0.021
0.019
-0.001
0.021
0.032
0.004
0.012
0.037
0.011
-0.006
0.022
0.02
-0.005
0.015
0.037
0.017
0.022
0.049
0.027
0.016
0.042
0.035
0.017
0.041
0.045
0.003
-0.004
0.012
-0.012
-0.023
0.007
-0.001
-0.027
-0.012
-0.012
-0.053
-0.053
-0.028
-0.04
-0.035
0.002
0.001
-0.013
0.015
0.039
0.027
0.05
0.095
0.083
0.077
0.108
0.1
0.073
0.08
0.086
0.065
0.061
0.076
0.052
0.026
0.052
0.036
-0.085
-0.201
-0.307
-0.512
-0.743
-0.706
-0.334
0.029
0.27
0.487
0.573
0.519
0.431
0.355
0.332
0.33
0.261
0.178
0.138
0.074
0.01
0.012
0.014
-0.017
-0.016
0.004
-0.014
-0.039
-0.028
-0.039
-0.066
-0.042
-0.029
-0.061
-0.059
-0.036
-0.062
-0.09
-0.072
-0.073
-0.098
-0.075
-0.062
-0.094
-0.089
-0.073
-0.101
-0.114
-0.087
-0.092
-0.122
-0.101
-0.076
-0.092
-0.094
-0.08
-0.09
-0.09
-0.062
-0.067
-0.085
-0.053
-0.034
-0.053
-0.036
-0.002
-0.004
-0.003
0.026
0.03
0.021
0.046
0.061
0.041
0.05
0.079
0.064
0.048
0.065
0.056
0.034
0.051
0.066
0.048
0.043
0.055
0.043
0.03
0.046
0.045
0.027
0.034
0.039
0.023
0.028
0.04
0.016
0.006
0.027
0.015
-0.005
0.008
0.015
-0.012
-0.02
-0.012
-0.038
-0.053
-0.026
-0.029
-0.055
-0.05
-0.06
-0.09
-0.069
-0.035
-0.048
-0.051
-0.023
-0.023
-0.025
0.013
0.036
0.033
0.053
0.082
0.076
0.064
0.083
0.081
0.054
0.058
0.065
0.049
0.043
0.038
0.014
0.025
0.014
-0.132
-0.303
-0.437
-0.67
-0.888
-0.683
-0.184
0.132
0.374
0.613
0.603
0.464
0.417
0.389
0.331
0.295
0.243
0.161
0.104
0.077
0.04
0.006
0.017
0.02
-0.009
-0.007
0.008
-0.026
-0.046
-0.013
-0.019
-0.053
-0.035
-0.028
-0.064
-0.056
-0.033
-0.061
-0.076
-0.049
-0.053
-0.081
-0.073
-0.068
-0.097
-0.093
-0.08
-0.111
-0.119
-0.088
-0.094
-0.116
-0.101
-0.089
-0.104
-0.092
-0.067
-0.081
-0.088
-0.06
-0.058
-0.071
-0.044
-0.022
-0.03
-0.012
0.02
0.015
0.022
0.067
0.07
0.04
0.061
0.079
0.046
0.046
0.072
0.063
0.058
0.08
0.074
0.052
0.062
0.06
0.033
0.037
0.052
0.029
0.02
0.048
0.038
0.017
0.04
0.043
0.02
0.03
0.046
0.022
0.013
0.031
0.015
-0.012
-0.008
-0.018
-0.042
-0.029
-0.012
-0.032
-0.03
-0.011
-0.048
-0.091
-0.062
-0.031
-0.042
-0.036
-0.024
-0.045
-0.04
0.005
0.016
0.014
0.06
0.091
0.072
0.079
0.096
0.067
0.056
0.084
0.069
0.035
0.056
0.068
0.03
0.032
0.056
-0.028
-0.185
-0.314
-0.494
-0.764
-0.872
-0.58
-0.132
0.201
0.496
0.649
0.588
0.486
0.398
0.341
0.335
0.282
0.179
0.127
0.098
0.038
0.012
0.027
0.015
-0.007
0.003
0.003
-0.025
-0.026
-0.008
-0.03
-0.045
-0.025
-0.039
-0.064
-0.048
-0.044
-0.071
-0.066
-0.05
-0.071
-0.081
-0.065
-0.081
-0.104
-0.088
-0.084
-0.111
-0.103
-0.086
-0.11
-0.119
-0.096
-0.103
-0.122
-0.101
-0.089
-0.107
-0.097
-0.07
-0.08
-0.081
-0.049
-0.04
-0.046
-0.016
0.013
0.006
0.019
0.05
0.042
0.045
0.074
0.065
0.049
0.071
0.076
0.052
0.064
0.084
0.062
0.056
0.083
0.071
0.042
0.061
0.07
0.041
0.045
0.066
0.044
0.031
0.049
0.04
0.016
0.029
0.039
0.017
0.024
0.041
0.013
0
0.016
-0.004
-0.035
-0.028
-0.025
-0.046
-0.039
-0.025
-0.049
-0.06
-0.05
-0.072
-0.083
-0.042
-0.022
-0.047
-0.041
-0.015
-0.026
-0.017
0.022
0.032
0.039
0.068
0.076
0.056
0.059
0.073
0.049
0.036
0.061
0.054
0.03
0.039
0.028
0.005
0.01
-0.064
-0.223
-0.351
-0.497
-0.716
-0.7
-0.284
0.095
0.287
0.505
0.607
0.494
0.377
0.347
0.316
0.26
0.211
0.147
0.063
0.024
0.023
-0.004
-0.019
0.001
-0.016
-0.044
-0.025
-0.021
-0.049
-0.043
-0.026
-0.05
-0.06
-0.039
-0.055
-0.078
-0.059
-0.054
-0.08
-0.075
-0.059
-0.081
-0.094
-0.076
-0.09
-0.113
-0.091
-0.087
-0.115
-0.108
-0.092
-0.117
-0.126
-0.093
-0.096
-0.119
-0.092
-0.08
-0.102
-0.084
-0.054
-0.07
-0.068
-0.028
-0.024
-0.03
0.006
0.027
0.014
0.032
0.059
0.044
0.044
0.075
0.07
0.053
0.071
0.075
0.052
0.059
0.076
0.054
0.051
0.076
0.059
0.036
0.057
0.062
0.032
0.039
0.062
0.041
0.03
0.052
0.039
0.019
0.043
0.044
0.009
0.018
0.039
0.019
0.016
0.034
0.012
-0.022
-0.021
-0.028
-0.048
-0.028
-0.01
-0.035
-0.036
-0.023
-0.065
-0.096
-0.056
-0.025
-0.037
-0.026
-0.008
-0.025
-0.024
0.017
0.03
0.028
0.067
0.086
0.064
0.072
0.08
0.057
0.055
0.07
0.056
0.038
0.047
0.036
0.007
0.023
-0.005
-0.153
-0.285
-0.397
-0.624
-0.783
-0.53
-0.073
0.186
0.395
0.592
0.571
0.449
0.384
0.341
0.296
0.272
0.214
0.121
0.069
0.04
0.003
-0.008
0.001
-0.017
-0.035
-0.02
-0.019
-0.039
-0.034
-0.024
-0.051
-0.063
-0.037
-0.048
-0.077
-0.06
-0.053
-0.079
-0.073
-0.061
-0.095
-0.103
-0.071
-0.08
-0.102
-0.084
-0.088
-0.12
-0.113
-0.103
-0.123
-0.116
-0.086
-0.099
-0.125
-0.101
-0.092
-0.111
-0.081
-0.049
-0.071
-0.071
-0.037
-0.031
-0.033
-0.002
0.02
0.008
0.028
0.055
0.04
0.05
0.079
0.071
0.065
0.088
0.089
0.06
0.066
0.082
0.062
0.066
0.089
0.067
0.038
0.061
0.069
0.04
0.052
0.064
0.029
0.024
0.052
0.042
0.026
0.046
0.038
0.009
0.032
0.049
0.015
0.006
0.031
0.016
-0.015
-0.006
-0.011
-0.043
-0.034
-0.018
-0.047
-0.054
-0.033
-0.047
-0.076
-0.062
-0.046
-0.056
-0.039
-0.025
-0.049
-0.042
0.002
0.008
0.004
0.05
0.074
0.054
0.071
0.082
0.051
0.052
0.077
0.064
0.047
0.058
0.044
0.011
0.029
0.051
-0.028
-0.162
-0.262
-0.412
-0.671
-0.825
-0.599
-0.158
0.171
0.422
0.576
0.551
0.466
0.387
0.343
0.342
0.303
0.211
0.156
0.115
0.035
-0.001
0.008
-0.01
-0.019
0.007
0.001
-0.035
-0.03
-0.02
-0.05
-0.056
-0.035
-0.047
-0.061
-0.039
-0.044
-0.078
-0.063
-0.044
-0.075
-0.085
-0.064
-0.079
-0.101
-0.081
-0.078
-0.106
-0.097
-0.078
-0.105
-0.12
-0.099
-0.105
-0.118
-0.085
-0.074
-0.1
-0.085
-0.067
-0.085
-0.073
-0.038
-0.049
-0.057
-0.014
0.008
0
0.021
0.044
0.03
0.034
0.073
0.07
0.048
0.074
0.08
0.053
0.068
0.09
0.067
0.064
0.083
0.06
0.045
0.073
0.072
0.04
0.044
0.06
0.038
0.032
0.056
0.04
0.018
0.039
0.045
0.021
0.034
0.047
0.017
0.021
0.048
0.027
0.009
0.027
0.013
-0.03
-0.03
-0.016
-0.035
-0.034
-0.014
-0.043
-0.059
-0.036
-0.053
-0.084
-0.061
-0.033
-0.05
-0.053
-0.03
-0.035
-0.03
0.013
0.027
0.024
0.062
0.091
0.068
0.059
0.078
0.064
0.048
0.068
0.063
0.033
0.032
0.038
0.022
0.023
0.004
-0.134
-0.295
-0.418
-0.632
-0.84
-0.65
-0.164
0.156
0.399
0.622
0.601
0.462
0.397
0.36
0.31
0.268
0.213
0.132
0.075
0.057
0.025
-0.006
0.007
0.002
-0.027
-0.016
-0.004
-0.033
-0.041
-0.026
-0.048
-0.065
-0.036
-0.032
-0.06
-0.051
-0.045
-0.079
-0.087
-0.061
-0.071
-0.092
-0.067
-0.065
-0.098
-0.09
-0.077
-0.108
-0.119
-0.091
-0.1
-0.124
-0.101
-0.097
-0.126
-0.106
-0.081
-0.101
-0.097
-0.064
-0.068
-0.07
-0.032
-0.023
-0.037
-0.006
0.026
0.013
0.017
0.05
0.052
0.04
0.065
0.08
0.059
0.071
0.088
0.063
0.064
0.09
0.076
0.055
0.072
0.075
0.053
0.063
0.077
0.049
0.037
0.056
0.044
0.028
0.045
0.046
0.024
0.033
0.045
0.02
0.019
0.039
0.018
0.003
0.028
0.026
-0.001
0.01
0.017
-0.02
-0.033
-0.016
-0.033
-0.052
-0.033
-0.032
-0.052
-0.047
-0.056
-0.09
-0.075
-0.031
-0.036
-0.05
-0.024
-0.017
-0.029
-0.004
0.017
0.013
0.044
0.083
0.065
0.048
0.072
0.067
0.037
0.05
0.061
0.035
0.028
0.032
0.009
0.005
0.002
-0.106
-0.262
-0.373
-0.549
-0.752
-0.597
-0.125
0.162
0.339
0.553
0.574
0.443
0.365
0.342
0.298
0.251
0.205
0.125
0.052
0.031
0.013
-0.022
-0.014
0
-0.031
-0.038
-0.017
-0.033
-0.052
-0.035
-0.04
-0.068
-0.057
-0.049
-0.07
-0.066
-0.05
-0.066
-0.079
-0.061
-0.061
-0.086
-0.078
-0.068
-0.096
-0.102
-0.082
-0.099
-0.117
-0.096
-0.096
-0.114
-0.096
-0.084
-0.108
-0.104
-0.075
-0.086
-0.096
-0.068
-0.058
-0.072
-0.054
-0.027
-0.032
-0.024
0.012
0.013
0.01
0.044
0.055
0.037
0.051
0.07
0.054
0.053
0.079
0.064
0.048
0.075
0.074
0.048
0.06
0.078
0.054
0.04
0.06
0.047
0.03
0.043
0.027
0.01
0.022
-0.061
-0.229
-0.328
-0.393
-0.503
-0.381
0.057
0.336
0.405
0.526
0.559
0.416
0.301
0.315
0.335
0.3
0.247
0.177
0.118
0.071
-0.013
-0.102
-0.13
-0.139
-0.184
-0.203
-0.163
-0.149
-0.168
-0.154
-0.149
-0.173
-0.158
-0.121
-0.12
-0.112
-0.061
-0.043
-0.067
-0.056
-0.041
-0.065
-0.073
-0.061
-0.079
-0.1
-0.082
-0.085
-0.123
-0.122
-0.11
-0.143
-0.149
-0.121
-0.139
-0.158
-0.132
-0.117
-0.116
-0.077
-0.034
-0.029
-0.001
0.056
0.074
0.085
0.13
0.144
0.133
0.164
0.187
0.156
0.157
0.196
0.182
0.154
0.17
0.167
0.14
0.151
0.158
0.121
0.112
0.138
0.122
0.094
0.106
0.104
0.075
0.076
0.085
0.06
0.045
0.061
0.049
0.034
0.054
0.044
0.012
0.022
0.03
0.006
0.003
0.023
0.005
-0.015
0.008
0.007
-0.023
-0.012
0.001
-0.024
-0.024
-0.008
-0.032
-0.04
-0.01
-0.011
-0.035
-0.026
-0.016
-0.035
-0.038
-0.024
-0.036
-0.047
-0.027
-0.028
-0.049
-0.033
-0.02
-0.051
-0.051
-0.025
-0.043
-0.05
-0.02
-0.021
-0.041
-0.028
-0.02
-0.052
-0.055
-0.022
-0.03
-0.044
-0.022
-0.028
-0.05
-0.032
-0.021
-0.045
-0.041
-0.018
-0.033
-0.042
-0.019
-0.027
-0.062
-0.058
-0.045
-0.074
-0.078
-0.052
-0.068
-0.085
-0.063
-0.066
-0.104
-0.096
-0.074
-0.091
-0.073
-0.043
-0.056
-0.045
0.002
0.006
-0.001
0.045
0.067
0.041
0.051
0.084
0.071
0.048
0.058
0.048
0.027
0.048
0.067
0.053
0.033
-0.051
-0.224
-0.392
-0.58
-0.841
-0.818
-0.363
0.04
0.274
0.5
0.57
0.48
0.43
0.441
0.402
0.332
0.306
0.267
0.174
0.117
0.09
0.042
0.025
0.044
0.027
-0.002
0.015
0.022
-0.005
-0.006
0.01
-0.012
-0.035
-0.015
-0.016
-0.04
-0.026
-0.017
-0.048
-0.047
-0.022
-0.04
-0.06
-0.037
-0.033
-0.056
-0.041
-0.032
-0.06
-0.053
-0.03
-0.049
-0.056
-0.028
-0.036
-0.063
-0.046
-0.035
-0.055
-0.046
-0.025
-0.044
-0.056
-0.03
-0.034
-0.058
-0.038
-0.018
-0.04
-0.034
0.002
-0.009
-0.023
0.007
0.003
-0.022
0
0.012
-0.011
-0.002
0.019
-0.004
-0.011
0.02
0.018
-0.003
0.01
0.02
0
0.003
0.022
0.007
0.003
0.035
0.033
0.008
0.027
0.044
0.024
0.035
0.058
0.032
0.017
0.043
0.04
0.014
0.026
0.029
-0.006
-0.012
0.004
-0.013
-0.026
-0.007
-0.01
-0.037
-0.04
-0.035
-0.05
-0.032
0.002
-0.014
-0.03
-0.006
0.005
0.006
0.037
0.065
0.068
0.084
0.104
0.086
0.075
0.098
0.089
0.058
0.073
0.085
0.052
0.041
0.056
0.048
0.017
-0.067
-0.218
-0.383
-0.573
-0.79
-0.743
-0.308
0.086
0.309
0.529
0.62
0.518
0.402
0.372
0.354
0.297
0.237
0.192
0.12
0.05
0.041
0.025
-0.01
0
0.004
-0.027
-0.023
-0.004
-0.027
-0.044
-0.025
-0.036
-0.063
-0.046
-0.038
-0.066
-0.064
-0.049
-0.072
-0.081
-0.059
-0.064
-0.09
-0.085
-0.076
-0.1
-0.102
-0.081
-0.097
-0.108
-0.083
-0.084
-0.103
-0.087
-0.078
-0.103
-0.09
-0.06
-0.076
-0.083
-0.049
-0.047
-0.069
-0.044
-0.014
-0.024
-0.014
0.019
0.013
0.013
0.049
0.047
0.026
0.047
0.059
0.039
0.049
0.067
0.047
0.038
0.065
0.062
0.032
0.044
0.054
0.027
0.032
0.051
0.03
0.017
0.04
0.036
0.009
0.024
0.036
0.011
0.015
0.036
0.013
0
0.023
0.016
-0.004
0.01
0.007
-0.03
-0.038
-0.027
-0.043
-0.046
-0.021
-0.032
-0.055
-0.043
-0.057
-0.096
-0.078
-0.033
-0.038
-0.048
-0.024
-0.026
-0.035
0.003
0.026
0.017
0.049
0.083
0.063
0.053
0.078
0.07
0.044
0.053
0.058
0.035
0.036
0.046
0.021
0.021
0.035
-0.074
-0.24
-0.361
-0.55
-0.792
-0.706
-0.253
0.084
0.295
0.546
0.614
0.498
0.408
0.365
0.323
0.29
0.237
0.147
0.078
0.051
0.024
-0.002
0.009
0.009
-0.022
-0.021
-0.004
-0.023
-0.034
-0.018
-0.029
-0.054
-0.042
-0.036
-0.063
-0.062
-0.042
-0.057
-0.07
-0.055
-0.067
-0.091
-0.077
-0.068
-0.091
-0.091
-0.074
-0.096
-0.11
-0.087
-0.093
-0.112
-0.089
-0.082
-0.106
-0.093
-0.072
-0.086
-0.084
-0.056
-0.06
-0.072
-0.038
-0.02
-0.041
-0.027
0.013
0.008
0.012
0.049
0.047
0.031
0.056
0.069
0.046
0.054
0.079
0.055
0.043
0.076
0.07
0.041
0.055
0.061
0.033
0.038
0.058
0.038
0.027
0.051
0.042
0.022
0.043
0.051
0.024
0.025
0.04
0.015
0.01
0.046
0.037
0.011
0.023
0.016
-0.023
-0.026
-0.015
-0.039
-0.041
-0.011
-0.023
-0.047
-0.032
-0.04
-0.08
-0.066
-0.027
-0.037
-0.048
-0.025
-0.023
-0.027
0.018
0.046
0.034
0.062
0.093
0.069
0.056
0.078
0.069
0.046
0.063
0.069
0.043
0.049
0.053
0.013
0.008
0.015
-0.092
-0.245
-0.355
-0.542
-0.789
-0.715
-0.263
0.081
0.287
0.532
0.611
0.503
0.418
0.378
0.329
0.298
0.253
0.159
0.085
0.051
0.015
-0.008
0.001
0
-0.023
-0.02
-0.005
-0.033
-0.054
-0.031
-0.036
-0.063
-0.051
-0.041
-0.066
-0.058
-0.041
-0.076
-0.092
-0.068
-0.075
-0.093
-0.075
-0.069
-0.098
-0.096
-0.076
-0.098
-0.108
-0.083
-0.095
-0.121
-0.097
-0.09
-0.116
-0.1
-0.072
-0.085
-0.086
-0.059
-0.062
-0.075
-0.045
-0.023
-0.033
-0.014
0.012
0.001
0.011
0.047
0.037
0.029
0.067
0.076
0.05
0.058
0.083
0.066
0.05
0.074
0.069
0.04
0.062
0.074
0.038
0.038
0.061
0.047
0.036
0.048
0.04
0.023
0.04
0.043
0.019
0.024
0.038
0.021
0.014
0.036
0.028
0.01
0.025
0.007
-0.036
-0.029
-0.009
-0.037
-0.052
-0.024
-0.029
-0.054
-0.046
-0.061
-0.092
-0.067
-0.03
-0.039
-0.043
-0.016
-0.015
-0.024
0.017
0.041
0.037
0.063
0.082
0.065
0.064
0.085
0.07
0.045
0.066
0.066
0.028
0.03
0.041
0.021
0.014
-0.028
-0.173
-0.329
-0.473
-0.717
-0.846
-0.525
-0.058
0.204
0.442
0.61
0.543
0.427
0.4
0.377
0.322
0.275
0.224
0.138
0.069
0.048
0.027
0.004
0.012
0.004
-0.025
-0.015
-0.001
-0.029
-0.038
-0.015
-0.034
-0.06
-0.037
-0.034
-0.066
-0.058
-0.041
-0.068
-0.07
-0.045
-0.068
-0.096
-0.073
-0.067
-0.094
-0.085
-0.074
-0.106
-0.115
-0.088
-0.093
-0.11
-0.09
-0.086
-0.104
-0.087
-0.069
-0.088
-0.09
-0.05
-0.045
-0.062
-0.034
-0.021
-0.036
-0.005
0.029
0.014
0.022
0.062
0.059
0.04
0.06
0.071
0.05
0.061
0.085
0.065
0.052
0.073
0.062
0.042
0.066
0.07
0.042
0.047
0.06
0.034
0.024
0.051
0.046
0.024
0.04
0.043
0.022
0.029
0.041
0.021
0.018
0.041
0.027
0.007
0.025
0.018
-0.022
-0.028
-0.019
-0.038
-0.041
-0.021
-0.03
-0.048
-0.043
-0.058
-0.083
-0.058
-0.022
-0.036
-0.045
-0.016
-0.014
-0.017
0.019
0.038
0.04
0.072
0.094
0.072
0.064
0.08
0.063
0.044
0.06
0.061
0.034
0.035
0.045
0.023
0.01
-0.051
-0.208
-0.364
-0.518
-0.74
-0.776
-0.377
0.064
0.29
0.511
0.634
0.536
0.408
0.371
0.349
0.286
0.229
0.177
0.093
0.033
0.031
0.012
-0.015
0.001
-0.001
-0.035
-0.029
-0.013
-0.038
-0.049
-0.027
-0.039
-0.064
-0.046
-0.042
-0.072
-0.064
-0.05
-0.076
-0.082
-0.059
-0.075
-0.095
-0.076
-0.077
-0.1
-0.09
-0.082
-0.111
-0.118
-0.094
-0.104
-0.121
-0.1
-0.093
-0.111
-0.097
-0.08
-0.099
-0.095
-0.058
-0.053
-0.063
-0.034
-0.02
-0.032
-0.004
0.026
0.013
0.019
0.051
0.048
0.039
0.069
0.075
0.049
0.064
0.085
0.061
0.056
0.08
0.065
0.044
0.066
0.071
0.044
0.048
0.062
0.04
0.032
0.055
0.046
0.027
0.045
0.048
0.019
0.025
0.04
0.014
0.013
0.04
0.025
0.003
0.016
0.005
-0.033
-0.033
-0.019
-0.039
-0.045
-0.025
-0.026
-0.045
-0.061
-0.07
-0.072
-0.053
-0.02
-0.022
-0.04
-0.025
-0.011
-0.011
0.006
0.031
0.043
0.058
0.079
0.074
0.055
0.06
0.064
0.048
0.047
0.057
0.04
0.021
0.024
0.024
0.007
-0.061
-0.189
-0.334
-0.503
-0.712
-0.72
-0.339
0.062
0.28
0.495
0.617
0.538
0.403
0.344
0.33
0.275
0.208
0.161
0.09
0.022
0.011
0.004
-0.019
-0.017
-0.011
-0.03
-0.035
-0.023
-0.036
-0.051
-0.037
-0.04
-0.061
-0.057
-0.048
-0.062
-0.068
-0.057
-0.066
-0.079
-0.069
-0.074
-0.093
-0.082
-0.073
-0.094
-0.101
-0.09
-0.102
-0.114
-0.098
-0.096
-0.115
-0.106
-0.096
-0.109
-0.098
-0.081
-0.09
-0.084
-0.057
-0.059
-0.062
-0.033
-0.022
-0.029
0.002
0.03
0.019
0.027
0.058
0.053
0.044
0.071
0.079
0.058
0.067
0.084
0.065
0.059
0.078
0.065
0.047
0.065
0.066
0.046
0.059
0.071
0.043
0.035
0.058
0.042
0.021
0.041
0.044
0.024
0.033
0.046
0.028
0.022
0.039
0.028
0.009
0.022
0.013
-0.026
-0.024
-0.017
-0.044
-0.044
-0.021
-0.035
-0.049
-0.036
-0.055
-0.083
-0.055
-0.023
-0.036
-0.036
-0.009
-0.011
-0.011
0.022
0.036
0.037
0.073
0.095
0.069
0.067
0.084
0.067
0.053
0.07
0.065
0.037
0.031
0.027
0.009
0.008
-0.044
-0.188
-0.322
-0.447
-0.663
-0.735
-0.387
0.033
0.235
0.442
0.6
0.523
0.399
0.374
0.351
0.286
0.237
0.19
0.112
0.05
0.031
0.006
-0.021
-0.007
-0.011
-0.042
-0.032
-0.015
-0.041
-0.049
-0.037
-0.058
-0.074
-0.056
-0.048
-0.062
-0.054
-0.048
-0.078
-0.082
-0.065
-0.091
-0.107
-0.078
-0.076
-0.097
-0.088
-0.087
-0.113
-0.112
-0.093
-0.104
-0.12
-0.1
-0.095
-0.113
-0.091
-0.076
-0.097
-0.089
-0.059
-0.064
-0.073
-0.039
-0.02
-0.029
-0.001
0.025
0.007
0.013
0.049
0.05
0.045
0.068
0.071
0.062
0.079
0.082
0.056
0.051
0.074
0.069
0.052
0.069
0.066
0.038
0.047
0.067
0.045
0.03
0.054
0.048
0.03
0.043
0.032
0.012
0.039
0.052
0.022
0.019
0.037
0.015
0.002
0.029
0.025
-0.012
-0.018
-0.015
-0.04
-0.043
-0.023
-0.039
-0.058
-0.041
-0.05
-0.081
-0.062
-0.031
-0.046
-0.059
-0.034
-0.029
-0.026
0.01
0.018
0.02
0.071
0.091
0.061
0.063
0.084
0.067
0.049
0.068
0.07
0.041
0.038
0.047
0.021
0.015
0.012
-0.109
-0.261
-0.368
-0.574
-0.818
-0.705
-0.247
0.09
0.326
0.559
0.571
0.454
0.404
0.366
0.315
0.305
0.267
0.175
0.105
0.063
0.017
-0.004
0.012
0.006
-0.024
-0.02
-0.008
-0.029
-0.035
-0.023
-0.042
-0.055
-0.037
-0.044
-0.061
-0.049
-0.043
-0.068
-0.074
-0.059
-0.08
-0.098
-0.07
-0.068
-0.089
-0.078
-0.077
-0.102
-0.101
-0.084
-0.102
-0.116
-0.087
-0.08
-0.098
-0.087
-0.083
-0.099
-0.086
-0.062
-0.063
-0.065
-0.039
-0.029
-0.039
-0.017
0.006
0.002
0.02
0.048
0.047
0.046
0.065
0.063
0.047
0.063
0.076
0.054
0.058
0.079
0.061
0.049
0.068
0.061
0.037
0.05
0.058
0.025
0.014
0.042
0
-0.143
-0.275
-0.392
-0.539
-0.61
-0.368
0.069
0.332
0.487
0.594
0.563
0.461
0.353
0.323
0.37
0.347
0.24
0.178
0.148
0.054
-0.041
-0.075
-0.115
-0.172
-0.167
-0.144
-0.161
-0.159
-0.142
-0.163
-0.176
-0.147
-0.126
-0.124
-0.097
-0.063
-0.064
-0.054
-0.029
-0.042
-0.058
-0.048
-0.057
-0.081
-0.072
-0.067
-0.097
-0.103
-0.089
-0.113
-0.136
-0.124
-0.134
-0.156
-0.14
-0.129
-0.141
-0.114
-0.069
-0.06
-0.042
0.009
0.035
0.039
0.08
0.12
0.115
0.135
0.171
0.163
0.159
0.189
0.184
0.16
0.175
0.184
0.157
0.149
0.158
0.139
0.128
0.145
0.131
0.102
0.113
0.117
0.083
0.075
0.092
0.076
0.06
0.073
0.061
0.037
0.049
0.054
0.028
0.024
0.043
0.024
0.005
0.023
0.015
-0.016
-0.006
0.006
-0.016
-0.012
0.009
-0.011
-0.022
-0.003
-0.009
-0.03
-0.023
-0.012
-0.028
-0.032
-0.018
-0.031
-0.042
-0.02
-0.026
-0.052
-0.039
-0.024
-0.037
-0.034
-0.02
-0.037
-0.049
-0.024
-0.026
-0.046
-0.031
-0.027
-0.052
-0.045
-0.024
-0.038
-0.044
-0.023
-0.032
-0.048
-0.027
-0.019
-0.043
-0.041
-0.017
-0.036
-0.054
-0.027
-0.024
-0.048
-0.039
-0.037
-0.08
-0.087
-0.06
-0.071
-0.079
-0.056
-0.059
-0.088
-0.094
-0.089
-0.1
-0.081
-0.047
-0.059
-0.073
-0.047
-0.032
-0.028
0.003
0.031
0.034
0.048
0.068
0.051
0.042
0.063
0.057
0.04
0.054
0.054
0.024
0.029
0.051
-0.011
-0.145
-0.262
-0.421
-0.676
-0.815
-0.573
-0.151
0.135
0.373
0.532
0.513
0.454
0.413
0.376
0.36
0.327
0.246
0.185
0.15
0.082
0.039
0.05
0.037
0.01
0.017
0.017
-0.009
-0.008
0.007
-0.014
-0.028
-0.01
-0.018
-0.04
-0.029
-0.022
-0.042
-0.041
-0.03
-0.047
-0.056
-0.041
-0.048
-0.065
-0.052
-0.045
-0.068
-0.066
-0.048
-0.062
-0.07
-0.054
-0.057
-0.071
-0.054
-0.045
-0.07
-0.064
-0.041
-0.057
-0.067
-0.045
-0.049
-0.067
-0.048
-0.037
-0.055
-0.043
-0.015
-0.022
-0.025
0.003
0.003
-0.012
0.007
0.016
-0.003
0.005
0.028
0.019
0.008
0.021
0.011
-0.003
0.021
0.029
0.005
0.01
0.029
0.014
0.008
0.03
0.025
0.01
0.033
0.042
0.019
0.027
0.047
0.031
0.024
0.043
0.033
0.003
0.008
0.011
-0.019
-0.015
0.008
-0.009
-0.022
-0.004
-0.016
-0.057
-0.056
-0.036
-0.036
-0.017
0.003
-0.013
-0.016
0.018
0.031
0.021
0.054
0.09
0.076
0.081
0.101
0.081
0.072
0.089
0.081
0.059
0.068
0.07
0.036
0.03
0.055
0.021
-0.086
-0.202
-0.336
-0.537
-0.73
-0.644
-0.243
0.102
0.316
0.504
0.564
0.5
0.404
0.338
0.332
0.31
0.225
0.161
0.118
0.043
0.001
0.019
0.013
-0.016
-0.012
-0.01
-0.036
-0.034
-0.022
-0.047
-0.057
-0.031
-0.043
-0.069
-0.05
-0.045
-0.075
-0.073
-0.053
-0.071
-0.083
-0.066
-0.078
-0.101
-0.083
-0.075
-0.103
-0.104
-0.083
-0.098
-0.11
-0.091
-0.098
-0.112
-0.085
-0.071
-0.089
-0.072
-0.046
-0.067
-0.081
-0.053
-0.045
-0.057
-0.027
0.002
-0.011
-0.001
0.028
0.018
0.018
0.048
0.04
0.025
0.057
0.077
0.052
0.059
0.077
0.05
0.039
0.061
0.053
0.033
0.048
0.057
0.04
0.043
0.052
0.027
0.013
0.031
0.034
0.016
0.029
0.046
0.019
0.01
0.031
0.015
-0.002
0.006
-0.016
-0.045
-0.03
-0.022
-0.043
-0.039
-0.022
-0.045
-0.068
-0.056
-0.07
-0.08
-0.038
-0.025
-0.053
-0.038
0
-0.005
-0.008
0.028
0.051
0.05
0.074
0.087
0.068
0.074
0.086
0.063
0.043
0.05
0.047
0.026
0.032
0.038
0.013
-0.044
-0.158
-0.305
-0.464
-0.68
-0.798
-0.531
-0.081
0.195
0.403
0.569
0.548
0.426
0.364
0.365
0.336
0.274
0.229
0.176
0.093
0.043
0.034
0.005
-0.014
0.001
-0.006
-0.032
-0.021
-0.01
-0.036
-0.035
-0.017
-0.042
-0.059
-0.042
-0.05
-0.072
-0.058
-0.052
-0.075
-0.068
-0.05
-0.071
-0.084
-0.066
-0.076
-0.103
-0.092
-0.079
-0.096
-0.093
-0.075
-0.085
-0.096
-0.086
-0.088
-0.094
-0.07
-0.061
-0.083
-0.069
-0.042
-0.055
-0.052
-0.013
-0.008
-0.02
0.007
0.029
0.018
0.03
0.049
0.04
0.043
0.065
0.057
0.041
0.06
0.07
0.049
0.05
0.065
0.045
0.036
0.06
0.049
0.023
0.039
0.05
0.023
0.021
0.042
0.028
0.02
0.041
0.029
0.01
0.038
0.046
0.019
0.023
0.028
-0.009
-0.028
-0.006
-0.014
-0.033
-0.017
-0.021
-0.042
-0.031
-0.034
-0.071
-0.078
-0.043
-0.028
-0.036
-0.02
-0.009
-0.022
-0.002
0.029
0.026
0.049
0.094
0.09
0.069
0.079
0.08
0.06
0.069
0.082
0.052
0.041
0.057
0.034
0.02
0.02
-0.085
-0.252
-0.379
-0.563
-0.813
-0.749
-0.291
0.082
0.312
0.56
0.626
0.503
0.412
0.382
0.339
0.296
0.25
0.177
0.097
0.054
0.036
0.008
0.006
0.015
-0.011
-0.026
-0.01
-0.019
-0.042
-0.031
-0.023
-0.044
-0.041
-0.028
-0.051
-0.061
-0.04
-0.056
-0.081
-0.064
-0.06
-0.082
-0.079
-0.071
-0.091
-0.097
-0.078
-0.088
-0.106
-0.089
-0.091
-0.119
-0.11
-0.084
-0.097
-0.104
-0.078
-0.079
-0.09
-0.066
-0.053
-0.064
-0.053
-0.025
-0.025
-0.021
0.009
0.011
0.003
0.035
0.054
0.038
0.051
0.067
0.049
0.05
0.075
0.068
0.048
0.067
0.073
0.046
0.051
0.068
0.051
0.042
0.056
0.048
0.032
0.042
0.042
0.022
0.03
0.045
0.022
0.01
0.037
0.033
0.01
0.024
0.025
-0.007
-0.015
-0.01
-0.036
-0.046
-0.024
-0.034
-0.057
-0.035
-0.031
-0.076
-0.081
-0.05
-0.046
-0.041
-0.019
-0.023
-0.03
0.001
0.022
0.01
0.035
0.076
0.067
0.06
0.083
0.068
0.043
0.061
0.064
0.039
0.04
0.044
0.018
0.015
0.042
-0.015
-0.158
-0.276
-0.423
-0.66
-0.757
-0.462
-0.042
0.215
0.446
0.596
0.546
0.442
0.366
0.32
0.301
0.254
0.165
0.098
0.057
0.013
-0.009
0
-0.003
-0.028
-0.03
-0.017
-0.033
-0.042
-0.028
-0.04
-0.056
-0.039
-0.04
-0.07
-0.066
-0.05
-0.069
-0.075
-0.058
-0.073
-0.091
-0.076
-0.078
-0.099
-0.09
-0.081
-0.105
-0.108
-0.089
-0.097
-0.114
-0.101
-0.096
-0.115
-0.101
-0.077
-0.089
-0.089
-0.064
-0.071
-0.082
-0.051
-0.037
-0.047
-0.02
0.011
0.005
0.012
0.04
0.036
0.029
0.06
0.067
0.044
0.057
0.075
0.056
0.054
0.077
0.064
0.047
0.066
0.067
0.042
0.048
0.063
0.042
0.032
0.052
0.042
0.026
0.046
0.047
0.024
0.03
0.043
0.026
0.023
0.04
0.024
-0.002
0
-0.006
-0.034
-0.034
-0.015
-0.026
-0.033
-0.01
-0.022
-0.061
-0.065
-0.057
-0.058
-0.029
-0.011
-0.036
-0.033
0.002
0.012
0.013
0.044
0.068
0.063
0.076
0.087
0.062
0.057
0.073
0.063
0.05
0.064
0.058
0.019
0.018
0.042
0.007
-0.094
-0.208
-0.346
-0.544
-0.734
-0.654
-0.248
0.11
0.335
0.535
0.598
0.516
0.398
0.335
0.334
0.296
0.203
0.141
0.091
0.021
-0.003
0.009
-0.011
-0.033
-0.016
-0.018
-0.042
-0.031
-0.02
-0.047
-0.056
-0.037
-0.056
-0.077
-0.048
-0.043
-0.076
-0.071
-0.062
-0.091
-0.091
-0.071
-0.093
-0.109
-0.084
-0.082
-0.107
-0.097
-0.085
-0.113
-0.118
-0.096
-0.109
-0.125
-0.097
-0.085
-0.102
-0.087
-0.066
-0.085
-0.084
-0.049
-0.045
-0.053
-0.027
-0.009
-0.009
0.012
0.037
0.036
0.048
0.072
0.057
0.048
0.077
0.078
0.056
0.068
0.089
0.07
0.057
0.077
0.067
0.043
0.06
0.059
0.033
0.048
0.062
0.039
0.038
0.054
0.038
0.023
0.037
0.034
0.016
0.029
0.043
0.02
0.005
0.008
-0.017
-0.039
-0.025
-0.02
-0.036
-0.029
-0.02
-0.048
-0.068
-0.064
-0.074
-0.072
-0.03
-0.018
-0.044
-0.028
0.01
0.009
0.007
0.041
0.061
0.056
0.074
0.088
0.072
0.074
0.079
0.053
0.042
0.06
0.045
0.015
0.027
0.043
-0.005
-0.107
-0.22
-0.369
-0.581
-0.766
-0.655
-0.229
0.125
0.34
0.514
0.552
0.463
0.375
0.351
0.338
0.285
0.214
0.168
0.113
0.037
0.016
0.024
-0.008
-0.023
-0.004
-0.017
-0.036
-0.024
-0.029
-0.054
-0.044
-0.033
-0.06
-0.073
-0.053
-0.053
-0.07
-0.058
-0.056
-0.081
-0.069
-0.056
-0.085
-0.093
-0.075
-0.088
-0.103
-0.086
-0.09
-0.113
-0.103
-0.087
-0.101
-0.102
-0.078
-0.083
-0.094
-0.075
-0.07
-0.085
-0.069
-0.045
-0.052
-0.042
-0.014
-0.014
-0.014
0.018
0.032
0.021
0.039
0.064
0.053
0.051
0.075
0.067
0.048
0.066
0.069
0.048
0.061
0.075
0.055
0.051
0.067
0.05
0.033
0.059
0.062
0.031
0.035
0.053
0.033
0.026
0.046
0.035
0.022
0.037
0.038
0.019
0.024
0.024
-0.008
-0.019
-0.008
-0.02
-0.032
-0.018
-0.022
-0.042
-0.033
-0.04
-0.077
-0.067
-0.025
-0.027
-0.041
-0.023
-0.015
-0.022
0.005
0.032
0.025
0.045
0.086
0.077
0.058
0.081
0.086
0.057
0.061
0.074
0.05
0.039
0.048
0.027
0.017
0.009
-0.107
-0.271
-0.395
-0.573
-0.781
-0.65
-0.174
0.165
0.374
0.591
0.612
0.478
0.394
0.365
0.321
0.272
0.218
0.137
0.06
0.032
0.022
-0.006
-0.008
-0.002
-0.026
-0.032
-0.016
-0.028
-0.042
-0.03
-0.033
-0.058
-0.055
-0.045
-0.066
-0.072
-0.054
-0.069
-0.086
-0.064
-0.06
-0.083
-0.08
-0.07
-0.095
-0.101
-0.081
-0.094
-0.109
-0.091
-0.093
-0.113
-0.097
-0.081
-0.103
-0.103
-0.076
-0.08
-0.094
-0.073
-0.062
-0.072
-0.048
-0.018
-0.029
-0.023
0.011
0.012
0.009
0.038
0.047
0.033
0.052
0.07
0.047
0.046
0.074
0.062
0.049
0.071
0.069
0.045
0.059
0.072
0.046
0.042
0.063
0.05
0.032
0.046
0.045
0.027
0.041
0.049
0.02
0.019
0.041
0.026
0.008
0.027
0.028
0.008
0.013
0.009
-0.028
-0.044
-0.025
-0.032
-0.046
-0.028
-0.026
-0.047
-0.053
-0.062
-0.077
-0.055
-0.017
-0.027
-0.041
-0.017
-0.008
-0.014
0.011
0.033
0.04
0.062
0.083
0.071
0.058
0.071
0.067
0.043
0.05
0.06
0.034
0.019
0.026
0.021
0.001
-0.07
-0.211
-0.363
-0.525
-0.721
-0.684
-0.262
0.128
0.333
0.533
0.619
0.517
0.388
0.346
0.332
0.265
0.191
0.141
0.067
0.008
0.009
0.001
-0.026
-0.018
-0.011
-0.039
-0.043
-0.024
-0.041
-0.059
-0.041
-0.043
-0.065
-0.054
-0.042
-0.069
-0.075
-0.057
-0.072
-0.088
-0.072
-0.075
-0.096
-0.087
-0.079
-0.098
-0.097
-0.083
-0.1
-0.111
-0.092
-0.092
-0.112
-0.1
-0.085
-0.098
-0.092
-0.071
-0.08
-0.088
-0.06
-0.053
-0.064
-0.038
-0.011
-0.025
-0.015
0.024
0.025
0.019
0.05
0.062
0.048
0.059
0.074
0.055
0.06
0.084
0.063
0.048
0.07
0.066
0.047
0.057
0.064
0.041
0.036
0.051
0.034
0.031
0.059
-0.015
-0.17
-0.26
-0.345
-0.49
-0.425
-0.014
0.298
0.38
0.5
0.528
0.392
0.283
0.269
0.297
0.301
0.248
0.166
0.117
0.083
0.006
-0.091
-0.149
-0.171
-0.179
-0.159
-0.133
-0.151
-0.173
-0.151
-0.137
-0.146
-0.125
-0.094
-0.079
-0.051
-0.026
-0.045
-0.063
-0.046
-0.051
-0.075
-0.064
-0.053
-0.084
-0.093
-0.081
-0.103
-0.124
-0.109
-0.117
-0.144
-0.137
-0.132
-0.156
-0.152
-0.123
-0.128
-0.125
-0.077
-0.045
-0.034
0.006
0.05
0.053
0.074
0.123
0.132
0.136
0.171
0.171
0.148
0.17
0.184
0.158
0.157
0.173
0.149
0.133
0.16
0.155
0.118
0.127
0.139
0.101
0.088
0.109
0.089
0.069
0.091
0.087
0.049
0.054
0.075
0.049
0.033
0.043
0.024
0.012
0.033
0.022
-0.008
0.007
0.022
-0.001
-0.006
0.008
-0.007
-0.015
0.007
-0.001
-0.027
-0.014
-0.004
-0.03
-0.03
-0.005
-0.019
-0.043
-0.029
-0.026
-0.039
-0.022
-0.015
-0.038
-0.037
-0.027
-0.039
-0.038
-0.019
-0.028
-0.049
-0.038
-0.023
-0.038
-0.042
-0.027
-0.037
-0.044
-0.027
-0.032
-0.055
-0.035
-0.02
-0.049
-0.043
-0.019
-0.035
-0.047
-0.025
-0.025
-0.046
-0.042
-0.047
-0.078
-0.075
-0.053
-0.069
-0.079
-0.053
-0.055
-0.083
-0.087
-0.093
-0.114
-0.094
-0.051
-0.063
-0.074
-0.042
-0.029
-0.028
0.003
0.03
0.036
0.058
0.081
0.061
0.043
0.058
0.05
0.033
0.054
0.063
0.034
0.04
0.065
-0.008
-0.156
-0.277
-0.444
-0.715
-0.857
-0.597
-0.154
0.147
0.396
0.537
0.494
0.44
0.42
0.396
0.382
0.352
0.274
0.203
0.167
0.104
0.044
0.046
0.043
0.019
0.024
0.031
0.002
-0.01
0.01
-0.01
-0.038
-0.016
-0.006
-0.027
-0.023
-0.018
-0.037
-0.032
-0.024
-0.047
-0.056
-0.035
-0.035
-0.052
-0.041
-0.032
-0.056
-0.055
-0.03
-0.044
-0.065
-0.045
-0.036
-0.053
-0.043
-0.035
-0.056
-0.05
-0.025
-0.042
-0.059
-0.038
-0.039
-0.063
-0.051
-0.035
-0.055
-0.048
-0.028
-0.038
-0.028
0.008
0.003
-0.027
-0.016
-0.004
-0.024
-0.015
0.012
0.004
-0.008
0.014
0.014
-0.018
-0.004
0.012
-0.01
0.002
0.022
0.007
0.008
0.032
0.026
0.003
0.016
0.04
0.025
0.016
0.039
0.036
0.026
0.048
0.041
-0.005
-0.008
0.003
-0.018
-0.014
0.007
-0.017
-0.028
0.003
-0.009
-0.056
-0.046
-0.024
-0.048
-0.029
0.014
-0.01
-0.025
0.023
0.042
0.025
0.062
0.103
0.09
0.091
0.108
0.083
0.064
0.084
0.079
0.054
0.063
0.061
0.027
0.036
0.059
-0.03
-0.192
-0.323
-0.521
-0.813
-0.896
-0.534
-0.059
0.252
0.524
0.636
0.535
0.443
0.401
0.365
0.345
0.282
0.174
0.125
0.1
0.05
0.022
0.016
0.011
-0.005
0.001
0.012
-0.032
-0.046
-0.008
-0.028
-0.056
-0.015
-0.011
-0.067
-0.057
-0.027
-0.055
-0.063
-0.034
-0.065
-0.115
-0.079
-0.05
-0.077
-0.074
-0.058
-0.07
-0.084
-0.082
-0.086
-0.081
-0.058
-0.073
-0.102
-0.084
-0.045
-0.049
-0.053
-0.036
-0.04
-0.038
-0.023
-0.031
-0.043
-0.009
0.018
0.007
0.009
0.021
0.025
0.031
0.035
0.027
0.031
0.062
0.073
0.037
0.028
0.056
0.048
0.034
0.05
0.047
0.038
0.041
0.011
-0.022
-0.01
0.017
0.028
0.016
0.005
0.018
0.033
0.028
0.024
0.021
0.017
0.018
-0.001
-0.013
-0.004
-0.031
-0.059
-0.042
-0.025
-0.034
-0.035
-0.022
-0.053
-0.074
-0.036
-0.025
-0.059
-0.064
-0.044
-0.038
-0.012
0.006
-0.017
0.006
0.091
0.115
0.07
0.073
0.082
0.063
0.084
0.106
0.075
0.046
0.059
0.064
0.057
0.073
0.028
-0.137
-0.32
-0.504
-0.806
-1.073
-0.87
-0.293
0.155
0.492
0.712
0.644
0.511
0.469
0.402
0.339
0.329
0.274
0.185
0.14
0.098
0.047
0.046
0.054
0.035
0.023
0.032
0.023
-0.011
0.007
0.022
-0.022
-0.03
0.004
-0.013
-0.052
-0.039
-0.033
-0.051
-0.044
-0.04
-0.059
-0.055
-0.045
-0.076
-0.093
-0.065
-0.068
-0.093
-0.083
-0.077
-0.104
-0.097
-0.064
-0.078
-0.087
-0.061
-0.066
-0.085
-0.075
-0.069
-0.078
-0.062
-0.038
-0.045
-0.041
-0.001
0.009
-0.01
0.015
0.052
0.042
0.037
0.051
0.039
0.036
0.059
0.042
0.012
0.021
0.028
0.01
0.006
0.019
0.004
-0.012
0.014
0.01
-0.014
0.012
0.018
-0.009
-0.005
0.011
0.002
-0.002
0.011
0.004
-0.006
0.016
0.022
-0.006
-0.004
0.008
-0.03
-0.063
-0.038
-0.023
-0.047
-0.04
-0.024
-0.051
-0.06
-0.047
-0.066
-0.062
-0.018
-0.026
-0.054
-0.027
-0.004
-0.008
0.016
0.059
0.067
0.063
0.092
0.093
0.059
0.07
0.082
0.056
0.058
0.074
0.055
0.054
0.075
0.041
-0.087
-0.249
-0.408
-0.656
-0.938
-0.884
-0.404
0.081
0.421
0.635
0.619
0.511
0.444
0.388
0.363
0.338
0.247
0.165
0.128
0.073
0.023
0.032
0.043
0.01
0.004
0.025
-0.002
-0.035
-0.016
-0.003
-0.026
-0.023
-0.019
-0.047
-0.045
-0.028
-0.061
-0.071
-0.036
-0.041
-0.069
-0.063
-0.052
-0.067
-0.069
-0.066
-0.088
-0.093
-0.07
-0.071
-0.088
-0.079
-0.071
-0.087
-0.086
-0.069
-0.074
-0.076
-0.06
-0.07
-0.091
-0.07
-0.043
-0.055
-0.048
-0.016
-0.02
-0.014
0.024
0.022
0.004
0.038
0.063
0.037
0.037
0.06
0.043
0.03
0.053
0.057
0.034
0.046
0.058
0.029
0.034
0.063
0.044
0.028
0.048
0.041
0.017
0.03
0.037
0.018
0.026
0.039
0.021
0.017
0.042
0.04
0.012
0.02
0.029
0.007
0.012
0.031
0.016
-0.004
-0.008
-0.022
-0.043
-0.034
-0.025
-0.048
-0.047
-0.032
-0.062
-0.081
-0.058
-0.054
-0.055
-0.023
-0.014
-0.035
-0.024
0
-0.003
0.01
0.058
0.079
0.069
0.076
0.082
0.059
0.055
0.069
0.052
0.043
0.061
0.053
0.041
0.047
-0.033
-0.214
-0.377
-0.547
-0.811
-0.895
-0.496
0.013
0.316
0.565
0.662
0.543
0.437
0.402
0.358
0.317
0.275
0.193
0.111
0.073
0.044
0.004
0.001
0.017
-0.006
-0.019
0.002
-0.012
-0.04
-0.024
-0.017
-0.044
-0.041
-0.026
-0.048
-0.056
-0.036
-0.054
-0.079
-0.059
-0.05
-0.073
-0.067
-0.05
-0.072
-0.088
-0.071
-0.077
-0.099
-0.08
-0.068
-0.092
-0.087
-0.067
-0.082
-0.088
-0.063
-0.066
-0.084
-0.067
-0.065
-0.085
-0.066
-0.038
-0.05
-0.05
-0.023
-0.018
-0.018
0.01
0.026
0.011
0.021
0.048
0.032
0.024
0.056
0.057
0.036
0.049
0.056
0.032
0.038
0.06
0.041
0.033
0.055
0.042
0.017
0.035
0.049
0.03
0.032
0.049
0.027
0.014
0.042
0.039
0.019
0.034
0.036
0.012
0.019
0.04
0.019
0.006
0.03
0.021
0.001
0.02
0.019
-0.025
-0.032
-0.013
-0.037
-0.052
-0.023
-0.027
-0.056
-0.05
-0.057
-0.09
-0.073
-0.032
-0.032
-0.042
-0.029
-0.02
-0.025
-0.012
0.092
0.732
1.553
1.615
1.431
1.419
1.327
1.242
1.173
1.092
1.018
0.944
0.872
0.802
0.734
0.668
0.604
0.543
0.483
0.426
0.371
0.318
0.267
0.218
0.172
0.127
0.084
0.044
0.005
-0.032
-0.068
-0.101
-0.133
-0.163
-0.191
-0.218
-0.243
-0.267
-0.289
-0.31
-0.329
-0.347
-0.364
-0.379
-0.393
-0.406
-0.418
-0.428
-0.438
-0.447
-0.454
-0.46
-0.466
-0.472
-0.476
-0.479
-0.481
-0.483
-0.484
-0.484
-0.484
-0.483
-0.481
-0.478
-0.476
-0.473
-0.469
-0.465
-0.461
-0.456
-0.45
-0.444
-0.438
-0.432
-0.426
-0.419
-0.412
-0.405
-0.397
-0.39
-0.382
-0.373
-0.365
-0.357
-0.348
-0.34
-0.331
-0.323
-0.314
-0.305
-0.296
-0.288
-0.279
-0.27
-0.261
-0.253
-0.243
-0.234
-0.226
-0.218
-0.209
-0.201
-0.192
-0.184
-0.176
-0.168
-0.16
-0.152
-0.144
-0.136
-0.129
-0.121
-0.114
-0.107
-0.1
-0.093
-0.086
-0.079
-0.072
-0.066
-0.06
-0.054
-0.048
-0.043
-0.037
-0.031
-0.026
-0.021
-0.015
-0.01
-0.006
-0.001
0.004
0.008
0.012
0.017
0.02
0.024
0.028
0.032
0.035
0.038
0.041
0.044
0.047
0.05
0.053
0.055
0.058
0.06
0.062
0.064
0.066
0.068
0.07
0.071
0.073
0.074
0.076
0.077
0.078
0.08
0.08
0.081
0.082
0.083
0.083
0.084
0.085
0.085
0.085
0.086
0.086
0.087
0.087
0.087
0.087
0.086
0.086
0.086
0.086
0.086
0.086
0.085
0.085
0.085
0.084
0.083
0.083
0.083
0.082
0.081
0.08
0.08
0.079
0.078
0.078
0.077
0.076
0.075
0.074
0.074
0.073
0.072
0.071
0.07
0.069
0.068
0.067
0.066
0.065
0.065
0.064
0.063
0.062
0.061
0.06
0.059
0.058
0.057
0.056
0.055
0.054
0.053
0.052
0.052
0.05
0.049
0.049
0.048
0.047
0.046
0.045
0.044
0.043
0.042
0.041
0.041
0.039
0.039
0.038
0.037
0.036
0.036
0.035
0.034
0.033
0.033
0.032
0.031
0.03
0.03
0.029
0.029
0.028
0.027
0.027
0.026
0.025
0.025
0.024
0.023
0.023
0.022
0.021
0.021
0.021
0.02
0.019
0.019
0.018
0.018
0.017
0.017
0.016
0.016
0.015
0.015
0.015
0.014
0.014
0.014
0.013
0.013
0.013
0.012
0.012
0.012
0.011
0.011
0.011
0.011
0.01
0.01
0.009
0.009
0.009
0.009
0.009
0.008
0.008
0.008
0.008
0.007
0.007
0.007
0.007
0.007
0.007
0.007
0.007
0.006
0.006
0.005
0.005
0.005
0.005
0.005
0.005
0.005
0.005
0.005
0.004
0.004
0.004
0.004
0.004
0.004
0.004
0.004
0.004
0.004
0.004
0.004
0.004
0.003
0.003
0.003
0.003
0.003
0.003
0.003
0.003
0.003
0.003
0.003
0.003
0.003
0.003
0.003
0.003
0.003
0.003
0.003
0.003
0.003
0.002
0.002
0.002
0.002
0.002
0.002
0.002
0.002
0.002
0.002
0.002
0.002
0.002
0.002
0.002
0.002
0.002
0.002
0.002
0.002
0.002
0.002
0.002
0.002
0.002
0.002
0.002
0.002
0.002
0.002
0.002
0.002
0.002
0.002
0.002
0.002
0.001
0.002
0.002
0.002
0.002
0.002
0.002
0.002
0.002
0.002
0.002
0.002
0.002
0.002
0.002
0.002
0.002
0.001
0.002
0.002
0.002
0.002
0.002
0.001
0.002
0.002
0.002
0.001
0.001
0.001
0.001
0.001
0.001
0.001
0.002
0.002
0.002
0.001
0.001
0.001
0.002
0.001
0.001
0.001
0.001
0.001
0.001
0.001
0.001
0.001
0.001
0.001
0.001
0.001
0.001
0.001
0.001
0.001
0.001
0.001
0.001
0.001
0.001
0.001
0.001
0.001
0.001
0.001
0.001
0.001
0.001
0.001
0.001
0.001
0.001
0.001
0.001
0.001
0.001
0.001
0.001
0.001
0.001
0.001
0.001
0.001
0.001
0.001
0.001
0.001
0
0.001
0.001
0.001
0.001
0.001
0
0
0
0.001
0.001
0.001
0.001
0.001
0
0.001
0.001
0.001
0.001
0.001
0.001
0.001
0
0
0.001
0.001
0.001
0.001
0
0
0.001
0.001
0.001
0
0
0
0.001
0
0
0
0.001
0
0
0
0
0
0
0
0
0
0
0
0
0
0
0
0
0
0
0.001
0
0
0
0
0
0
0
0.001
0.001
0
0
0
0
0
0
0
0.001
0
0
0
0.001
0
0
0
0
0
0
0
0
0
0
0
0
0
0
0
0
0
0
0
0
0
0
0
0
0
0
0
0
0
0
0
0
0
0
0
0
0
0
0
0
0
0
0
0
0
0
0
0
0.001
0.001
0
0
0
0
0
0.001
0.001
0.001
0
0
0
0
0
0
0
0
0
0
0
0
0
0
0
0
0
0
0
0
0
0
0
0
0
0
0
0
0
0
0
0
0
0
0
0
0
0
0
0
0
0
0
0
0.001
0
0
0
0
0
0
0
0
0
0
0
0
0
0
0
0
0
0
0
0
0
0
0
0
0
0
0
0.001
0
0
0
0
0
0
0
0
0
0
0
0
0
0
0
0
0
0
0
0
0
0
0
0
0
0
0
0
0
0
0
0
0
0
0
0
0
0
0
0
0
0
0
0
0
0
0
0
0
0
0
0
0
0
0
0
0
0
0
0
0
0
0
0
0
0
0
-0.001
0
0
0
0
0
0
0
0
0
0
0
0
0
0
0
0
0.001
0
0
0
0
0
0
0
0
0
0
0
0
0
0
0
0
0
0
0
0
0
0
0
0
0
0
0
0
0
0
0
0
0
0
0
0
0
0
0
0
0
0
0
0
0
0
0
0
0
0
0
0
0
0
0
0
0
0
0
0
0
0
0
0
0
0
0
0
0
0
0
0
0
0
0
0
0
0
0
0
0
0
0
0
0
0
0
0
0
0
0
0
0
0
0
0
0
0
0
0
0
0
0
0
0
0
0
0
0
0
0
0
0
0
0
0
0
0
0
0
0
0
0
0
0
0
0
0
0
0
0
0
-0.001
-0.001
0
0
0
0
0
0
0
0
0
0
0
0
0
0
0
0
0
0
0
0
0
0
0
0.001
0
0
0
0
0
0
0
0
0
0
0
0
0
0
0
0
0
0
0
0
0
0
0
0
0
0
0
0
0
0
0
0
0
0
0
0
0
0
0
0
0
0
0
0
0
0
0
0
0
0
0
0
0
0
0
0
0
0
0
0
0
0
0
0
0
0
0
0
0
0
0
0
0
0
0
0
0
0
0
0
0
0
0
0
0
0
0
0
0
0
0
0
0
0
0.001
0
0
0
0
0
0
0
0
0
0
0
0
0
0
0
0
0
0
0
0
0
0
0
0
0
0
0
0
0
0
0
0
0
0
0
0
0
0
0
0
0
0
0
0
0
0
0
0
0
0
0
0
0
0
0
0
0
0
0
0
0
0
0
0
0
0
0
0
0
0
0
0
0
0
0
0
0
0
0
0
0
0
0
0
0
0
0
0
0
0
0
0
0
0
0
0
0
0
0
0
0
0
0
0
0
0
0
0
0
0
0
0
0
0
0
0
0
0
0
0
0
0
0
0
0
0
0
0
0
0
0
0
0
0
0
0
0
0
0
0
0
0
0
0
0
0
0
0
0
0
0
0
0
0
0
0.001
0
0
0
0
0
0
0
0
0
0
0
0
0
0
0
0
0
0
0
0
0
0
0
0
0
0
0.001
0
0
0
0
0
0
0
0
0
0
0
0
0
0
0
0
0
0
0
0
0
0
0
0
0
0
0
0
0
0
0
0
0
0
0
0
0
0
0
0
0
0
0
0
0
0
0
0
0
0
0
0
0
0
0
0
0
0
0
0
0
-0.001
-0.001
0
0
0
0
0
0
0
0
0
0
0
0
0
0
0
0
0
0
0
0
0
0
0
0
0
0
0
0
0.001
0
0
0
0
0
0
0
0
0
0
0
0
0
0
0
0
0
0
0
0
0
0
0
0
0
0
0
0
0
0
0
0
0
0
0
0
0
0
0
0
0
0
0
0
0
0
0
0
0
0
0
0
0
0
0
0
0
0
0
0
0
0
0
0
0
0
0
0
0
0
0
0
0
0
0
0
0
0
0
0
0
0
0
0
0
0
0
0
-0.001
0
0
0
0
0
0
0
0
0
0
0
0
0
0
0
0
0
0
0
0
0
0
0
0
0
0
0
0
0
0
0
0
0
0
0
0
0
0
0
0
0
0
0
0
0
0
0
0
0
0
0
0
0
0
0
0
0
0
0
0
0
0
0
0
0
0
0
0
0
0
0
0
0
0
0
0
0
0
0
0
0
0
0
0
0
0
0
0
0
0
0
0
0
0
0
0
0
0
0
0
0
0
0
0
0
0
0
0
0
0
0
0
0
0
0
0
0
0
0
0
0
0
0
0
0
0
0
0
0
0
0
0
0
0
0
0
0
0
0
0
0
0.001
0.001
0
0
0
0
0
0
0.001
0
0
0
0
0
0
0
0
-0.001
0
0
0
0
0
0
0
0
0
0
0
0
0
0
0
0
0
0
0
0
0
0
0
0
0
0
0
0
0
0
0
0
0
0
0
0
0
0
0
0
0
0
0
0
0
0
0
0
0
0
0
0
0
0
0
0
0
0
0
0
0
0
0
0
0
0
0
0
0
0
0
0
0
0
0
0
0
0
0
0
0
0
0
0
0
0
0
0
0
0
0
0
0
0
0
0
0
0
0
0
0
0
0
0
0
0
0
0
0
0
0
0
0
0
0
0
0
0
0
0
0
0
0
0
0
0
0
0
0
0
0
0
0
0
0
0
0
0
0
0
0
0
0
0
0
0
0
0
0
0
0
0
0
0
0
0
0
0
0
0
0
0
0
0
0
0
0
0
0
0
0
0
0
0
0
0
0
0
0
0